IupEx GnRAECITATIS
L'astérisque qui accompagne certains chiffres renvoie aux suscriptions
ou aux notes.
᾿Ααρών 171, 20; 173, 12. 28;
281, 2; 367*, 1, 8. 1. 3.
᾿Αβδεμέλεχ 304, 9.
᾿Αβραάμ 367, 2. 5.
᾿Αγάθων 269, 7.
ἅγιος 15; 341, 2. 30. 31; 375,109.
« (ἀπαρχή) 237, 22.
« (ἄρτος) 337, 11.
« (ἀρχιεπίσκοπος) 24; 44.
« (δέσποινα) 93.
« (δεσπότης) 34; 169, 8.
« (πατήρ) 48; 169, 8.
« (Πνεῦμα) 14; 101; 253, 12;
257, 10; 275, 2; 283, 29; 344,
8.
« (Σοφία) 30.
ἀγορά 157, 6; 231, 20.
ἀγράριον 84.
ἀγωγή 187, 19. 21; 191, 23; 309,
10.
᾿Αδάμ 343, 11; 349, 24.
ἀδελφή 181, 13; 235, 17. 18.
ἀδελφιδή 16.
ἀδελφιδοῦς 291, 23.
ἀδελφικός 171, 18; 247, 13; 257,
7; 279, 24; 377, 30.
ἀδελφός 15-21; 37; 146*; 169*;
199, 11; 201, 12; 247, 14; 271,
21; 277, 13; 281, 28; 283, 12.
17. 20; 289, 1; 291, 1. 15. 18;
335*; 369, 2; 373, 72; 377, 14.
ἅδης 147, 21; 254, 11.
᾿Αδράστεια 235, 18.
᾿Αδριανός (βασιλεύς) 243, 3.
᾿Αδωνίας 231, 2.
ἀετός 285, 8; 241, 18; 299, 18.
᾿Αζάδης (μάρτυς) 827, 11.
ὄζυμον 14; 31; 44; 240, 8; 261,
16. 28. 24; 263, 2.3. 7. 23. 25;
267, 15;271, 6; 275, 18:277, 84.
ἀὴρ 885",
᾿Αθῆναι 829, 8.
᾿Αθηναῖος 135, 17. 21.
"AÜcc 329, 5.
Αἰάντειος 159, 7.
Αἰγύπτιος 249, 3; 305, 25; 325, 4.
Αἴγυπτος 141, 22; 267, 8.
Αἰθιοπία 327, 5.
Αἰθίοψ 267, 7.
αἵρεσις 247, 17; 325, 13. 16.
ἀκροατήριον 191, 10.
ἄκουσμα 161, 12.
᾿Αλανήση 1915,
᾿Αλανός 60.
᾿Αλέξιος, ἴδε Κομνηνός.
᾿Αλχιβιάδης 135, 19.
ἀναγωγή 23; 131, 13.
ἀναχκρεόντειος 14; 3695,
ἀνάκτορα 60; 197, 1; 205, 19; 209
95 215, 3; 229, 22.
ἀνάρρησις 285, 11.
᾿Ανάχαραις 311, 3.
ἀνδράποδον 309, 24.
ἀνδρεία 69; 217, 14. 19. 22; 219,
13. 18; 227, 26; 235, 17.
ἀνεψιός 331, 8.
E
