486 INDEX GRAECITATIS
Ἴστρος 221, 17; 229, 16.
᾿ταλικός (Μιχαήλ) 45.
᾿ταλός (ἵππος) 205, 28.
᾿Ιωάννης (6 ἅγιος) 12; 321, 14.
᾿Ιωάννης 16.
᾿Ιωάννης (Χρυσόστομος) 323, 19.
21.
᾿Ιωάννης, ἴδε ᾿Ανζᾶς, " Aotvoc,
Κοψόχειλος, Λαμπηνός.
Ἰωσήφ 321, 17.
χαθέδρα 159, 15.
χαθηγητής 179, 12; 258, 1.
Καισαρεύς 271, 1.
Καλαφάτης 31.
Καλλίας 135, 19.
ἹΚαμάρινα 271, 8.
Καμβύσης 193, 13.
Κανδάκης 327, 5.
χκανοτρίσιος 105.
κανών 267, 9; 269, 6; 289, 20;
293, 4; 301, 20; 803, 9. 25;
315, 24. 26; 317, 2; 353, 2.
Κάρ 318, 10.
χκάστρατος 292".
κατάστασις 195, 9; 219, 2; 825,
28.
χειμήλιον 185, 1.
Κηδάρ 349, 26.
χηρός 93; 185, 7; 208, 25.
Κιμμέριος 158, 23.
κινάβρα 29.
Κλεάνθης 163, 24.
κλήμης (6 ἅγιος) 15; 24.
χληρικός 269, 5.
χόχκινος 173, 3; 200, 22.
Ἰζόμμοδος (βασιλεύς) 243, 4.
Κομνηνὸς ᾿Αλέξιος 53; 65; 215*;
227, 23; 231, 14.
Κορίνθιος 267, 10.
Κόροιβος 313, 2.
xopugatoc 25.
κοσμοχράτωρ 191, 3.
κόσμος 23; 131, 15. 17; 133, 6.
7; 151, 22; 161, 18; 201, 16.
18; 281, 8; 357, 26; 373, 80.
Κοψόχειλος ᾿Ιωάννης 31.
κράτος 179, &; 227, 21; 269, 18;
313, 8.
κρείττων (6) 183, 15; 193, 7; 203,
6.
κρίσις 185, 15; 273, 12; 289, 8;
291, 13; 321, 23; 363, 17. 39;
375, 88; 323, 22.
κριτήριον 161, 23.
χριτής 139, 27. 28; 161, 23 ; 279,
11; 288, 1; 285, 1; 831, 4;
361, 8. 10; 363, 35. 37; 377,
32.
Koóvoc 133, 10.
κυβέρνησις 235, 20.
κυβερνήτης 207, 7; 275, 27.
κύχλος 241, 13.
Κύχλωψ 141, 25.
κυνηγέσιον 183, 7; 239, 27.
Κυρήνη 267, 8.
κυρία 191".
χυριακή 269, 8, 11. 15.
Κύριος 14; 16; 173, 18. 19. 21;
187, 24; 191, 19; 193, 1; 247:
1; 249, 16; 255, 18; 259, 22;
263, 6. 14; 265,8. 15; 271, 4;
278, 22; 277, 20. 26. 29; 281, 10.
20. 22; 285, 5; 293,3; 305,
22; 307, 1. 6; 323, 2; 327, 8;
337, 19. 22.
xüp/xóptog 14; 15; 24; 94; 44;
INDEX GRAECITATIS 487
46; 105; 179*; 349*; 353*;
359*; 367*.
xüpic 215".
χύων 175, 4; 181, 9; 365, 3. 11;
373, 57. 58.
χῴδιον 29.
Κωνσταντῖνος (ὁ μέγας) 281, 17;
238, 1; 315, 9. 15.
Κωνσταντῖνος (ὁ Δούκας) 48; 51;
60; 179*.
Κωνστάντιος (βασιλεύς) 315, 17.
Κωνσταντινούπολις 15; 24; 113;
319, 19; 323, 20.
λαϊκός 249, 11; 269, 5.
Λαιστρύγονες 141, 25.
Λακεδαιμόνιος 135, 24.
λαμπάς 209, 26.
Λαμπηνὸς ᾿Ιωάννης 30.
λαμπρότατος 16.
Λαοδικεία 269, 9.
λαός 139, 12. 13; 195, 10; 199, 29.
Λατῖνος 14; 100; 247", 5; 249, 8;
251, 5; 257, 6; 279, 5. 13.
λέξις 147, 23; 149, 11; 159, 12.
14; 257, 5. 13. 19; 259, 18.
λευίτης 275, 13; 323, 2.
“Λέων (Βουλγαρίας) 30; 31.
Λέων 118.
Λέων, ἴδε Μουγγός.
Λεωνίδης 163, 1.
Λιβύη 267, 8.
Λικίνιος 327, 12.
λιμός 187, 29.
Aoyác 375, 100.
λογικός 25; 154*; 207, 29; 211
2; 217, 20; 831, 15; 351, 7.
λόγοι (ot) 12; 21; 25; 137, 8; 241,
9.
Λόγος 46; 143, 27. 931; 151, 24;
169, 7; 229, 14; 251, 21. 23;
259, 27; 261, 12; 273, 23; 308,
17; 305, 20; 319, 8. 11; 327,
5; 837, 17; 841, 6. 12.
Λουχκᾷς 321, 12.
λύδιος (νόμος) 179, 18.
(Λυκοῦργος 135, 24. 25.
Αὐσανδρος 135, 21.
ΑΛυχνιδός 21.
μαθήματα (τά) 25; 151, 9; 183,
15; 205, 20.
μαθητής 14-18; 101; 131*; 137,
7; 143, 31; 188, 20; 251, 18,
19; 255, 18; 259, 22; 208, 15.
18. 22; 271, 5; 283, 5.
μαθητιᾶν 153, 28. 29; 175, 9.
μαΐστωρ τῶν ῥητόρων 15; 24.
μακάριος 15; 19; 46; 163, 20;
185, 15; 187, 10; 193, 9; 237,
21; 289, 18; 241, 8. 10; 257,
6;281,6; 311, 1; 313, 12; 367*.
μακαρίτης 31. i
Maxs86vtoc 259, 10.
Μαλεσόβα 105.
Μάνης 305, 2.
μανία 147, 15; 238, 26.
Μαρία ( ᾿Αλανίας) 58; 58; 60:
187, 11; 191*.
Μαρκίων 288, 7; 805, 1.
Μάρκος (βασιλεύς) 243, 4.
Ματθαῖος 263, 3.
μεγαλόπολις 181, 3.
Μεδιολάνων (6) 113.
μειράκιον 149, 11; 153, 6; 203, 28.
μειρακιώδης, 157, 27.
μεῖραξ 158",
