888 INDEX GRAECITATIS
Μελάμπους 241, 20.
Μελιτίδης 313, 2.
Μενέλαος 141, 22; 225, 7.
Μεσοποταμίτης ᾿Ισαάκ 40.
μήτηρ 65; 93; 153, 2; 168, 25;
185, 21. 23; 189, 26; 191, 24,
25; 211, 10. 12; 227, 15; 237,
21; 239, 10. 17; 305, 11; 315,
26; 319, 18.
Μιλήσιος 349, 23.
Μινώταυρος 197, 26.
μισθός 19; 21; 137, 11. 12.
Μιχαήλ (Δούκας) 51; 60.
Μιχοήλ (ἰατρός) 8495,
Μιχαήλ, ἴδε ᾿Αντίοχος.
μοναρχία 194*; 195, 10.
μοναστήριον 319, 19,
μοναστῆς 329, 7.
μοναχή 58.
μοναχικός 187, 12; 191, 2.
μοναχός 30; 65; 171, 18; 249, 15;
2779, 15; 325, 9; 329, 2. 5; 365*.
μονὴ 30; 60.
μονήρης (βίος) 187, 8.
μόρια 297, 16; 299, 8.
Movyyóc Λέων 30.
μῦθος 138, 1. 8: 228, 4; 229, 10;
369, 10.
Μωκίου (μονὴ τοῦ ἁγίου) 30.
Μῶμος 181, 4; 321, 25.
Mooc«ixóc 299, 26.
Μωσῆς 171, 20. 21; 173, 1. 12.
14. 28; 191, 22; 281, 2; 293,
2; 299, 25; 301, 7; 353, 2.
Ναρσῆς 911, 1. 11.
ναῦς 27; 201, 6; 275, 29.
ναύτης 219, 6.
Νεαιμίας 301, 8.
νεανίσκος 158*.
Νεῖλος 365*, 4.
νέος 151, 21; 155, 11; 157, 28;
171, 14. 22; 175, 9; 191, 29;
195, 5; 207, 22; 241, 8: 251,
24; 328, 6; 347, 16; 351, 9;
967, 3; 371, 35; 377, 16.
νεότης 137, 7. 10.
νῆσος 191, 4. 7.
νηστεία 249, 10; 269, 1. 12. 10.
19; 274, 1. 3; 275, 18; 277, 81:
335, 11; 337, 20; 341, 25, 28;
343, 1.
νηστεύειν 249, 9; 269, 4.
Νίκαια 1915,
Νικήτας, ἴδε Σεΐδης.
Νικόλαος (διάκονος) 105.
Νιόβη 369, 7.
Νισαῖος (ἵππος) 205, 28.
νόμισμα 913, 19.
νόμος 135, 25; 137, 5;143,7; 154,
24; 171, 22; 179, 18; 191, 19;
193, 17. 30; 197, 11; 207, 27;
239, 22; 253, 11; 261, 24; 263,
4. 17. 24; 271, 28; 275, 21.
23; 279, 21; 289, 20. 23. 25;
291, 10; 298, 1. 2. 5; 299, 20.
24. 26. 28; 3041, 20. 21; 305,
9. 10. 19. 23; 307, 2. 15; 309,
21; 311, 1. 6. 7. 17; 318, 24;
315, 2. 5. 12. 13. 15; 317,
13; 335, 4; 371, 38.
νόσημα 157, 19; 189, 21; 233, 18.
νόσος 135, 5; 143, 7; 273, 23. 26;
279, 16; 811, 25; 355, 2. 5. 14.
νουθεσία 357, 2.
INDEX GRAECITATIS 4389
Ξέρξης 219, 7.
ξιφηφορεῖν 199, 16.
ξιφηφόρος 231, 7.
ξίφος 189, 4; 199, 6. 8. 17; 209,
14. 17. 20; 219, 8; 221, 7; 227,
18; 357, 10; 359, 17; 371, 20.
21.
᾿Οδυσοεύς 225, 6.
οἰκία 153, 10; 141, 17; 201, 6.
οἰκονομικός 329, 5.
οἰκονόμος (μέγας) 169*.
οἶχος 23; 131, 15; 205, 3. 6. 8.
9. 13; 211, 183; 237, 16; 277,
21. 26; 375, 107.
οἰκουμένη 209, 3.
olvoc 20; 265, 11.
ὀλιγοχρατία 195, 16.
"Ὄλυμπος 30.
ὍὉμηριχός 225, 3.
ὁμιλητῆς 247*.
ὁμιλία 195, 19; 223, 21; 257, 17,
ὀρθογραφία 26.
ὀρθοδοξία 101; 249, 20.
᾿Ορφική (λύρα) 353, 3.
ὅσιος 173, 17; 211, 10; 237, 21.
᾽Οσροηνός 323, 12.
Οὔννοι 219, 26.
Οὐρβενόν 31.
Οὐσθαζάδης (μάρτυς) 327, 11.
ὀχλοχρατία 195, 17.
Παγχράτειος 58.
παιδάριον 157, 9.
παιδεία 48; 157, 9; 318, 13.
παίδευσις 25; 90; 181, 11; 149, 4.
παιδικά (τά) 25; 225, 18.
παιδογόνος 297, 19; 299, 4.
παῖς 60; 65; 138, 7; 141, 8. 16;
146*: 147, 1.15; 151,3. 5; 155,
9; 185, 10; 189, 1. 23; 191,
23. 25. 26. 27; 247, 18; 235,
1. 9; 237, 1; 243, 10; 293, 7;
301, 8; 303, 22; 315, 17; 381,
8. 10; 357, 8; 359, 27; 877,
17.
ἸΠαλαιστιναῖος 265, 14.
Παλαμήδης 187, 2.
Πάν 369, 10.
πανσέβαστος 13; 20; 21.
πανυπερσέβαστος 347, 2.
πάππος 185, 15. 24.
παράδοσις 116; 267, 5. 11.
ποαραδυναστεύων 293, 15; 811, 17.
Παράκλητος 255, 25; 259, 24. 26.
Πατήρ 99; 100; 173, 21; 189, 8;
251, 22; 253,8. 5; 255, 5. 7.
9. 12. 16; 257, 2. 9.15. 20;
259, 2. 3. 12. 13. 18. 19; 261,
3; 285, 4.
πατήρ 187, 20; 139, 4; 141, 16;
155, 8. 19; 173, 27; 185, 16.
24; 189, 1; 201, 12; 217, 18;
235, 9; 237, 1; 253, 7. 8; 257,
26; 269, 9; 279, 28; 291, 29;
293, 4; 305, 1. 25; 325, 11. 14;
358, 10; 357, 4. 10; 361, 12. 20.
πατριάρχης 169*.
πατριαρχικός 327, 17.
πάτριος 147, 19; 151, 7.
πατρίς 12; 117; 151, 18; 181, 8.
Παῦλος (6 ἅγιος) 137, 14; 189,
29; 191,24; 229, 8. 13; 261,
5. 19; 265, 22; 273, 26; 275.
20; 283, 1; 303, 15; 321, 12.
Παῦλος (Σμυρναῖος) 17.
