380 INDEX
᾿Ανζᾶς ᾿Ιωάννης 30.
᾿Αντιόχεια 323, 13.
᾿Αντίοχος Μιχαήλ 365*, 12. 17.
ἀξίωμα 205, 26; 257, 27; 259, 12;
267, 4; 275, 16; 3683, 38.
ἄξων 137, B.
"Aowoc ᾿Ιωάννης 30.
ἀποκήρυξις 139, 6.
᾿Αποστότης 315, 18.
ἀπόστολοι (oi) 14; 269, 3; 281,
23; 293, 4; 303, 28; 327, 4.
ἀπόστολος (ὁ θεῖος) 143, 27; 179,
6; 187, 3; 205, 14; 229, 20.
ἀπόστολος 229, 8.
"Age 297, 2.
ἀργύριον 179, 5.
ἄργυρος 179, 7; 189, 30.
᾿Αρειανός 323, 19; 325, 18.
"Apstoc 283, 9.
Ἄρης 198, 22.
᾽Αριστείδης 185, 22; 198, 14.
ἀριστοκρατία 195, 12. 16.
᾿Αριστοφάνης 135, 20.
᾿Αριυτζίου (μονὴ τοῦ) 30.
“Αρμόνιος 823, 15. 17.
ἄρτος 14; 153, 13; 169, 20; 263,
9. 20. 22. 23; 265, 1. 5. 7. 22;
267, 6. 10. 11; 269, 11; 301,
5; 335*; 337, 11; 339, 6. 12;
341, 22. 26.
ἀρχαιρεσία 313, 9.
ἀρχεῖον 317, 16.
ἀρχιεπίσκοπος 13; 14; 15; 24;
44; 40; 48; 105; 869".
ἀρχιεράρχης 15.
ἀρχιερατικός 247, 2; 327, 19.
ἀρχιερεύς 173, 2. 4; 297, 4; 309,
12. 15; 317, 1; 327, 20.
ἀρχιερωσύνη 319, 21.
GRAECITATIS
᾿Αρχίλοχος 229, 21.
᾿Αρχιμήδης 205, 21.
ἀρχιτέκτων 147, 18; 189, 29; 358,
1.
ἄρχων 195, 11; 205, 10. 15; 241,
1. 4; 2835, 20; 313, 25; 325,
13. 16.
᾿Αστάρτη 295, 5.
ἀσπίς 223, 15.
αὐγοῦστα 60.
αὐθέντης 17; 20.
αὐτάδελφος 14; 8369": ἴδε ἀδελφός.
αὐτοχράτωρ 179, 17; 193, 5. 8.
24. 28; 195, 4; 205, 18; 207,
30; 209, 18, 26; 215*, 1; 217,
11; 229, 9. 17; 313, 23.
᾿Αφροδίτη 29.
᾿Αχαιός 149, 15; 165, 7.
᾿Αχριδηνός 14.
᾿Αχριδιώτης 29.
᾿Αχρίς 14; 15; 20; 29; A4.
Βαβυλών 143, 6.
Βαλαάμ. 143, 18; 241, 20.
βαρβαρικός 137, 5; 223, 9; 313, 6.
βάρβαρος 20; 34; 193, 24; 215,
14; 219, 19. 25; 221, 5; 223,
21; 225, 3. 12. 23; 229, 12;
318, 9; 319, 2.
Βαρδάριος 20.
Βαρδαριώτης 21.
Ἐαρδησόνης 3283, 15.
βασιλεία 34; 05; 185, 18; 187, 1.
2:193, 12. 15; 194*; 195, 8. 10.
15. 20; 199, 30; 201, 3. 5. 7.
25; 203, 12; 205, 15; 207, 14;
211, 12; 227, 14; 229, 3; 231,
14; 235, 6; 239, 24; 241, 38.
INDEX GRAECITATIS 881
16; 275, 7; 281, 26. 29; 311,
44; 341, 13. 14.
βαοΐλεια (τά) 203, 24. 27; 205, 23;
209, 2; 215, 1; 229, 21; 237,
9; 243, 8; 293, 14; 311, 10;
313, 13; 319, 6. 18.
βαοιλειᾶν 231, 2.
Βασίλειος (βασιλεύς) 31.
« (6 ἅγιος) 269, 17; 307, 8;
329, 15.
« (ἐπίσκοπος) 269, 8.
βασίλειος 237, 16. 17; 347, 4.
βασιλεύειν 53; 60; 117; 193, 28;
201, 17; 209, 5.
βασιλεύς 25; 31; 51; 93; 153, 18;
165, 9; 179, 1. 12; 185, 11. 25;
189, 26; 193, 19; 199, 23. 24.
26; 201, 1. 6. 18; 208, 10. 15.
17; 205, 17. 30; 207, 5. 13. 27;
209, 15. 16. 18. 20. 22; 247,
6. 18. 19; 219, 16; 221, 8; 225,
15. 18; 227, 4. 13; 229, 1. 11;
234, 4. 6. 21. 27; 235, 10; 237,
2. 10; 239, 3. 5. 8; 243, 3. 6;
277, 6. 12; 291, 20; 293, 16;
309, 13. 19. 21; 311, 27; 315,
3. 18; 337, 1; 351, 4; 375, 85.
93.
βασιλικός 27; 48; 93; 141, 9; 181,
1; 185, 14. 23. 26; 187, 5; 193,
12; 205, 20; 211, 13; 215, 2;
225, 1. 13; 227, 7; 229, 18; 231,
22. 25; 238, 19; 243, 10; 261,
14; 269, 17; 327, 6.
Βασιλίς (μάρτυς) 327, 8.
βασιλίς 29; 181, 21; 309, 24; 319,
7.
βασίλισοα 181, 3.
Βελιάρ 371, 17.
Βελλεροφόντης 297, 7.
Βεσελεὴλ 353, 1.
Βέσσος 15.
βῆμα 158*; 267, 2; 307, 25; 324,
2; 363, 16.
βιβλίον 26; 40; 157, 5; 201, 9;
351*.
βίβλος 149, 5; 185, 19; 101, 15;
265, 21; 325, 3; 358, 1. 8.
βίος 15; 24; 26; 29; 60; 148, 22.
23; 168, 12; 173, 6. 26; 179,
20; 181, 2; 187, 8. 18. 19. 21;
223, 6; 239, 23; 265, 4; 289,
2; 297, 5; 325,21; 329,8;
378, 81. 82.
Βλαχέρναι 60.
Βοτανειάτης (Νικηφόρος) 98.
Βουλγαρία 12; 14; 15; 19; 24; 31;
34; 46; 48; 66; 105; 118; 8585;
355*;350*; 361*; 365*; 367*;
369".
Βουλγαρικός 297, 5.
Βούλγαρος 24; 349, 26.
βουλλωτήριον 93.
Βρυέννιος (Νικηφόρος) 347*.
Γαλάτης 275, 24.
Γαλήνειος 351*.
Γαληνός 135, 8; 351. 4.
Γαμαλιὴλ 281, 23.
γαμβρός 16.
γάμος 189, 24; 249, 10; 271, 8. 9.
14; 297, 15; 305, 4. 8; 307, 7;
315, 6.
Τανυμήδης 368, 14.
γερουσία 178, 15.
γέρων 155, 8; 207, 22. 23. 25; 215,
