890 INDEX GRAECITATIS
πέδιλον 65.
πένης 187, 18; 189, 30; 197, 9.
πεντηκόντορος 27.
Πεπαγωμένος 81.
Πέροης 205, 30; 219, 19; 297, 2.
Περσυκός 159, 9.
Πέτρα 297, 5.
Πέτρος 275, 5; 283, 2.
Πυλᾶτος 143, 16.
πινάκιον 158,
Πίνδαρος 149, 19.
Πισίδης 118.
Πλάτων 147, 22; 157, 28; 1063,
21; 205, 20.
Πνεῦμα (ἅγιον) 14; 99; 100; 101;
171, 2; 254, 12. 22; 253, 2.
12. 16. 17. 25; 255^, 4. 6. 8.
10. 14. 18. 20; 257, 2. 8. 10.
14. 16. 25; 259, 2. 3. 4. 8.
18. 19..20. 23; 261, 2. 13. 15;
275, 3; 283, 29; 285, 2; 323,
9; 325, 1; 327, 8; 341, 7. 23.
ποιήτης 147, 24.
πόλις 29; 135, 13. 18; 181, 15;
208, 31; 205, 3. 8. 9. 26; 221,
1; 227, 15; 235, 18; 315, 7. 11;
917, 24; 329, 4.
πολιτεία 15; 24; 26; 143, 25; 157,
28; 187, 12; 195, 9. 13; 197,
14. 15. 25; 237, 6; 307, 2. 16;
318, 21. 26; 315, 10. 12; 329, 7.
πολίτευμα 298, 7.
πολίτης 191, 1; 195, 22; 203, 5.
πολιτωςὴ 147, 22.
πολιτικός 149, b; 293, 5; 305, 18;
317, 16.
Πολυδάμας 241, 20.
πόνημα 101, 1; 163, 14.
πόρπαξ, 223, 15.
πορφυρογέννητος 48; 51; 60; 179".
πράκτωρ 849, 32. 35; 373, 65;
377, 4.
πρεσβεία 225, 25.
πρέσβυς 223, 18; 361, 8.
πρεσβυτέριον 319, 21.
πρεοβύτερος 31.
Πρίαπος 369, 9.
πρόγονος 185, 25.
πρόεδρος 118.
Προμηθεύς 229, 10.
προπαιδεία 159, 13.
προσκύνησις 279, 14.
προσλαλιά 247*.
προοτάτης 171, 19:251, 26; 321,8.
Πρωτεύς 327, 9.
πρωτοστράτωρ 21.
Πύδνη 297, 5.
πυλωρός 209, 6.
πώγων 249, 12.
ῥητορική 25; 147, 19. 22; 161, 8.
22; 289, 25; 305, 10.
ῥητορικός 153, 28.
ῥητορικῶς 157, 24.
δήτωρ 12; 15; 25; 30; 146*; 159,
20. 21; 161, 23; 169, 20; 223,22.
“Ρουβίμ 321, 17.
“Ῥουπέρτος 51.
“Ῥωμαϊκός 293, 6.
“Ῥωμαῖος 30; 51; 113; 207, 24;
227, 14; 281, 14; 249, 18; 311,
11; 313, 12.
"Pouxvix 51.
“Ῥώμη 315, 5.
σάββατον 249, 9; 263, 19; 269,
1. 4. 12. 15; 271, 6.
Σαβέλλιος 283, 9.
INDEX GRAECITATIS 391
Σάβωρος 327, 11.
Σαρδανάπολος 193, 14.
Σαρδῷος 267, 14.
Σατάν Σατανᾶς 173, 10; 273, 31,
σατανιχκός 279, 12.
σεβαστός 365, 8. 15. 18.
Σεΐδης Νυκήτας 113.
Σειρήν 203, 24.
σεχρετικός (βάτραχος) 377, 2.
Σιδώνιος 295, 6.
Σικαράνος 249, 17.
Σιλουανός 321, 13.
Σιλωάμ 349, 21.
Σίμων 283, 6; 305, 1.
Σιμωνίδης 331, 19.
civnotc 243, 5.
σιτομέτριον 169, 19; 175, 11.
Σιών 143, 5.
σχιμπόδιον 158*.
σχόλοψ 231, 11. 12.
Σκύθης 211, 2. 4. 11. 17. 21; 223,
3. 5. 16; 225, 23; 227, 13. 17.
22; 239, 8.
σκυθυκός 181, 6; 225, 4. 27.
Σχύλλα 143, 1.
Σολομών 133, 20; 155, 1; 101,
22; 227, 11; 233, 9; 239, 16;
251, 10.
Σοφία ( ἣ ἁγία) 30; 375, 101.
σοφία 17; 25; 143, 28; 179, 9;
241, 14; 253, 18; 297, 17; 305,
16. 17; 329, 7; 378, 79.
σοφιστής 179, 18; 205, 18; 215,
2; 217, 1.
σοφιστική 248, 1. 5.
σοφιστικός 169, 3.
σοφός 163, 13; 171, 14. 26; 203,
25; 207, 22; 223, 18; 227, 4;
241, 5; 247, 16; 251, 24; 261,
4; 273, 24; 289, 7; 305,19; 309,
5; 351, 5; 357, 84. δ; 977, 8.
σπάδων 149, 18; 292*.
Σπάρτη 163, 18; 227, 14.
στῖφος 158*, 159, 16.
οτίχος 853"; 861"; 369*; 377*.
Στουδίου (μονὴ τοῦ) 60.
στρατηγός 207, 17.
στρατεύειν 219, 24.
στρατιώτης 201, 12; 207, 16. 20.
217, 23; 219, 7. A
στρατιωτικόν 197, 13.
στρατόπεδον 16; 137, 3; 344, 11.
στρατός 225, 19.
συγγενεία 146*.
συγγενὴς 13; 253, 2.19: 303, 23.
συγχλητιυκός 877, 4.
σύγχλητος 229, 4; 375, 91.
σύζυγος 53; 189, 21; 235, 6.
Συμεών (ἐξ ᾿Αθηνῶν) 329, 4.
σύμβολον 209, 23; 241, 19; 251,
11. 13. 14; 257, 20; 275, 2;
337, 19.
συνθήκη 225, 11.
σύνοδος 257, 25; 269, 6. 9; 305,
25; 315, 24.
συνοικία 329, 6.
Σύρος 323, 18.
σφραγίς 93.
Σωκράτης 163, 23.
σωφροούνη 69; 235, 3; 287, 16,
Ταίναρος 19.
τάξις 20; 135, 4; 136*; 137, 3;
143, 28; 171, 28; 297, 6.
τάφος 12; 184". 185, 1. 9; 141,
11; 373, 75.
«exvlov 961, 16.
