412
417,18
118,64
118,108
118,170
126,6
125,5
127,3
146,3
147,3
Proverkes
3,84
6,2
6,14
9,18
16,5
22,20
23,10
24,11
24,33
Eocolésiaste
49
7,16
Cantique
1,4
2,3
2,13
3,11
5,10
Job
38,3
5,18
12,22
34,23
Sagesse
1,13
6,6
Sirac
17,41
Osée
139,
INDEX DES CITATIONS
139
173
179
247
173
191
163
283
“4169
281
299
158
251
257
194
817
189
141
241
227
187
187
193
239
277
151
171
251
201
227
325
301
1,9
10,8
1,8
Michée
4,6
Nahum
3,12
Habacuc
1,3
Zacharie
54,2
57,17.19
58,5
60,4
65,5
66,24
Jérémie
5,3
10,19
15,10
23,283
143,
139
141
143
139
149
153
141
161
155
253
Ezéchiel
9,2
18,20
18,32
Matthieu
5,8
5,6
5,46
5,20
5,82
6,2.8
6,16
7,3
8,17
9,35
11,30
12,4
13,45
14,15
15,2
16,17
18,32
23,7
23,10
24,12
25,21
26,17
26,29
26,49
27,28. 30
27,34.
27,44
39
INDEX DES CITATIONS
34,16
251 Daniel
324 Suzanne 42
227
b) Nouveau Testament
28,3
257 28,18
173 Marc
189 9,22
281 Luc
307 4,2
343 6,1
343 6,36
363 10,29
273 11,10
273 16,10
337 12,48
267 22,44
347 Jean
265 4,47
263 424
275 5.8
359 69
281 6,63
253 £48
247 8,46
21 10,12.16
341 11,52 153 12,32
153 14,8
209 148
339 1447
301,
418
139
348
