392 INDEX GRAECITATIS
τέκνον 139, 10; 143, 9; 155, 18.
19; 229, 5; 239, 18. 19; 281,
13; 3041, 12
τεκών 181, 12.
τέντα 3675.
τέχνη 149, 12; 158, 9; 159, AT;
248, 12; 273, 4; 297, 17; 311,
13; 359, 4. 5.
τεχνικός 163, 15; 309, 4.
τεχνίτης 151, 20; 273, 29; 359,4.
τήβεννα 193, 21.
Τιμόθεος 275, 28; 324, 14.
Τίμων 147, 8.
τοποτηρητῆς 269, 7.
Τορνίκιος 16.
Τοῦρχος 51.
τράπεζο. 139, 4; 163, 3; 199, 12;
211, 6; 239, 26; 301, 5.
τριαχοντάρχης 26.
Τριάς 277, 10.
Τριβωνιανός 311, 6.
τρόπαιον 201, 13; 207, 17; 225,
14; 235, 18; 239, 8; 8317, 28.
τρόφιμος 161, 8.
Tooác 147, 10; 215, 11.
τυραννικός 197, 19. 24; 199, 19.
τυραννίς 194, 195, 15. 20.
τύραννος 195, 21; 197, 18; 199,
9. 20. 22. 25. 27; 204, 26.
᾿γάκινθος (μάρτυς) 327, 9.
Ὑἱός 100; 101; 251, 7. 13; 255,
1. 8. 5. 7. 12. 43. 16; 257, 3.
4. 10. 13; 259, 1.3. 4, 8. 9.
12. 18. 20. 21; 201, 3.
ὕπαρχος 227, 12.
ὑπερπερίλαμπρος 82.
ὑπέρτιμος 118.
ὑπήκοος 179, 4; 197, 3; 207, 8;
287, 1. 5; 311, 27.
ὑπογραμματεύων 21.
ὑπόδημα 209, 22.
“Ὑστάσπης 221, 16.
“Ὑψικλῆς 205, 22.
Φαέθων 133, 2.
Φαρισαῖος 281, 17. 22. 25. 27.
φατρία 233, 5.
φθίσις 19.
φιλανθρωπία 69; 187, 27; 209, 13;
229, 17; 299, 25; 317, 20.
φίλιππος 205, 22.
φιλομάθεια 185, 18.
φιλομαθής 191, 14.
φιλορήτωρ 205, 17.
φιλοσοφεῖν 171, 25.
φιλοσοφία 17; 26; 135, 20; 205,
19.
φιλόσοφος 146*; 183, 13; 193, 3;
217, 9; 223, 21.
φρόνησις 69; 235, 15; 239, 17.
φροντιστήριον 189, 17.
Φύγελος 321, 24.
Φωτινός 283, 10.
Φώτιος 315, 24.
Χαλάνη 153, 4.
Χαλέβ 328, 3. 5.
Χαμώς 295, 5.
χαρτοφύλαξ 30.
Χάρυβδις 141, 23.
χειμών 18; 147, 115181, 5. 10;
219, 6.
χορεία 25.
χορός 25; 183, 18; 319, 25.
Χριστός 14; 143, 14; 151, 24; '
187, 3. 6. 16; 189, 30; 191,
INDEX GRAECITATIS 893
9; 220, 8; 253, 1. 6. 16; 263,
12. 24; 274, 19; 273, 22; 275,
24; 277, 7; 283, 20; 285, 5;
305, 16; 315, 3. 20; 327, 5.
8. 13; 337, 21; 341, 29.
Xptorogópoc 118.
χρυσίον 179, 5.
χρυσός 179, 6; 261, 9.
χωρίον 151, 15; 207, 14; 265,15.
Ψελλός (Μιχαήλ) 118.
Ὠοηέ 143, 2.
