882 INDEX GRAECITATIS
18; 329, 4; 371, 35; 375, 100;
377, 13. 17.
γεωργός 197, 18; 227, 16; 349,
25. 28. 29; 354, 11.
γλωττηματιχός 149, 11.
Τνωστικοί 283, 9.
γονεύς 185, 9. 12.
γράμμα 16; 161, 12; 217, 13;
225, 11; 265, 1; 801, 3; 305,
21; 307, 13; 311, 2.
γραμματική 158,
γραμμάτιον 17.
γραμματιστῆς 158*; 159, 13.
γραφή 100; 133, 17; 141, 2.
T'ospevóv 81.
Γύγης 228, 5.
γυναυκωνῖτις 293, 16; 295, 16.
δαίμων 161, 18; 209, 19; 325, 4,
Δανιήλ 301, 8.
Δαρεῖος 205, 31; 221, 16.
δασμοφορεῖν 179, 4.
Δαυίδ 155, 1; 169, 19; 191, 22;
ἢ 227, 11; 239, 17; 277, 13; 323,
9. 22.
δεήσεων (ἐπὶ τῶν) 17.
δεκαδάρχης 26.
δεξίωμα 205, 26.
ἑεξίωσις 221, 7.
δέσποινα 93; 187, 19; 1915:
δεσποινικός 93.
δεσπότης 94; 135, 12; 169, 8; 173,
12. 17. 26; 179, 2; 189, 20;
201, 18; 209, 3; 224, 9; 223,
19; 235, 7; 349, 89; 355, 18;
359, 4. 6; 361, 20.
Δευκαλίων 133, 6.
Δημᾶς 321, 12.
Δημήτριος 14; 17; 19:24; 385*;
369.
δήμιος 209, 48,
δημοκρατία 195, 14. 17.
δῆμος 195, 13; 215, 20; 231, 18.
19; 233, 25.
διάβολος 261, 19.
διαβούλιον 231, 5.
διάδοσις 189, 6.
δίαιτα 187, 23; 273, 3; 309, 8.
διάκονος 12; 30; 81; 105; 181,
23; 323, 4; 339, 8.
διαλεχτικός 157, 29.
διατριβή 136*; 137, 8; 139, 7;
151, 26.
δίδαγμα 161, 11.
διδασκαλεῖον 158*.
διδασκαλία 26; 165, 4; 269, Ji
278, 32; 305, 3; 327, 18.
διδάσκαλος 18; 24; 133, 8; 137,
2. 7. 9; 189, 4; 153, 9; 157, 19;
159, 12; 169, 10; 179, 11. 14;
188, 21; 207, 20; 237, 12; 251,
18. 23; 263, 1; 271, 6; 307,
18; 321, 15.
διδάσκαλος τῶν ἐθνῶν 30; 229, 12.
διδάσκειν 24; 153, 9; 249, 18;
253, 2; 285, 4; 357, 37.
δίδυμοιγδίδυμα 289, 21; 293, 6;
299, 4; 303, 8. 22; 305, 2.
δικαστής 377, 8,
Διογένης 157, 12.
διοίκησις 195, 18; 203, 81; 205,
6. 8. 11; 235, 18.
δομέστικος (μέγας) 17.
δοράτιον 223, 15.
δόρυ 188, 5.
δορυφόρος 197, 14; 199, 14. 18;
208, 4; 219, 17.
INDEX GRAECITATIS 883
δουλεία 29.
δοῦλος 29; 135, 11; 205, 4; 277,
28; 283, 20; 313, 16; 359, 1.
δρουγγάριος 117.
δυτικός 271, 5; 275, 1; 279, 19.
δώριος (νόμος) 179, 19.
"E8oatioc 305, 1z.
ἐγκύχλιος (παίδευσις) 25; 90.
Ἔδέμ, 349, 81.
Ἔδεσσα 297, 5.
Ἐζεχίας 144, 7.
εἰκών 279, 14; 205, 5; 819, 11:
344, 17.
ἐχχλησία ( ἡ μεγάλη) 12; 30.
ἐχχλησία 30; 165, 10; 169, 17:171:
23; 205, 13; 247, 6. 9; 249:
18; 251, 4; 257, 26; 207, 4. 11-
19; 269, 19; 273, 16; 275, 9-
26; 279, 9. 20; 281, 28; 293,
3; 295, 8; 301, 17; 305, 18;
307, 17; 309, 1. 9. 12. 17; 318,
21; 819, 18. 20; 323, 8. 18;
325, 1. 6.
᾿Ἐχχλησιαστής 241, 4.
ἐχκλησιοστικός 247, 5; 257, 18;
279, 8; 307, 11; 335, 1.
ἐκπορεύεσθαι 99; 100; 251, 13.
22; 253, 8. 4. 5. 241 255, 2. 4-
8; 257, 3. 11; 259, 1€. 17; 261,
2.
ἐχπόρευοις 99; 255,26; 257, 2,
15. 20; 259, 23.
ἐχπορευτῶς 255, 7.
ἐχτομή 293, 6.
ἐκτομίας 292*; 297, 2.
ἔκτομος 292*.
Ἕκτωρ 147, 10.
"Excotáo 281, 3.
Ἑλένη 51.
ἔλεος 173, 19; 187, 27; 189, 5.
10; 191, 2.
Ἕλλάς 13; 131, 10; 135, 22.
“Ἕλλην 299, 19; 319, 2.
ἑλληνυκός 137, 18.
ἔνδυμα 209, 22.
ἔνζυμον 14.
ἐνόρχης 289, 13; 291, 5; 317, 41.
᾿Επαμεινώνδας 193, 14.
ἐπίδειξις 157, 28.
ἐπίπαππος 185, 24.
ἐπίσκοπος 31; 113; 307, 1. 19.
ἐπιστημονικός 168, 15.
ἐπιστολή 17; 19; 81; 45.
ἐπιτηρητῆς 139, 27.
ἐπῳδή 278, 5. 21.
ἐργαστήριον 159, 13; 205, 25;
219, 16.
Ἑρμῆς 159, 16.
Ἑρμογένης 321, 13.
ἔρως 147, 18; 187, 16; 299, 7.
ἐτήσιος 179, 5.
Εὔβοια 12.
εὐγενής 149, 22; 235,1; 327, 10.
Εὐγενία (μάρτυς) 327, 10.
εὐδαιμονία 179, 14; 223, 7; 289,
19:
εὐδαίμων 181, 11; 133, 11; 181,
15; 225, 16.
Εὐκλείδης 205, 21.
εὐνουχία 291, 19; 309, 3; 321, 24.
εὐνουχίζειν 291, 9. 24; 303, 13;
311, 2. 8. 10. 23. 25.
εὐνουχικός 293, 13.
εὐνουχισμός 291, 2.4. 21; 298,
17; 301, 16; 308,12. 24. 27;
