384 INDEX GRAECITATIS
341, 19. 20. 26; 313, 1. 4; 815,
3; 321, 21; 329, 25.
εὐνοῦχος 289, 2. 3. 11. 17; 291,
29. 1. 2. 5. 23; 293, 18; 295,
6. 20. 23; 299, 23; 301, 7; 307,
17; 309, 1. 22; 311, 14. 16. 19;
315, 19. 21: 317, 7. 10. 12. 15.
16. 25; 319, 4. d 321, 1. 11.
19; 323, 8; 325, 6. 11. 15. 17.
20; 327, 1. 4. 16; 329, 6. 19.
22; 831, 4. 8; 367^, 4 369, 3.
Ὁ.
Ἰθὔριπος 12; 13; 30; 375, 98.
εὐσέβεια 201, 8; 283, 16.
εὐσεβής 201, 8; 243, 1; 305, 7;
323, 17.
Ἑστράτιος (Νικαίας) 191*.
Ἐφραίμ, 149, 1; 158, 14.
Ἐφραίμ 323, 12. 14.
'Eocoópoc 247, 18.
Ζαχαρίας 141, 4; 161, 17.
Ζεύς 364, 1. 8; 363, 17.
ζυμίτης 263, 9. 25; 267, 6.
ἡγούμενος 30.
᾿Ηλίος 319, 14.
Ἡρακλῆς 147, 20.
“Ἡροδότης 163, 22; 185, 21.
Ἢσαϊΐας 101; 143, 4; 157, 21; 161,
17; 189, 3; 271, 3; 281, 20;
301, 6.
᾿Ησαῦ 324, 16.
*HotoSog 155, 7; 157, 23; 220, 21.
'Hxo 369, 11.
Ἥφαιστος 14; 44; 369*.
Θαβώρ 283, 5.
θαλάσσιος 197, 22.
θαυματουργός 15.
θέατρον 135, 20; 215, 20; 237, 8.
θεῖον (τό) 151, 11; bu 18; 191,
21; 209, 8; 227, 7: 229, 2. 12;
247, 16; 249, 6; ἄρ; 1; 323,
10; 341, 12; 343, 4.
θεῖος (ἀξίωμα) 363, 38.
(
(διδάσκαλος) 263, 1.
« (δίκαιον) 205, 29.
(ἔδαφος) 279, 12.
« (εἰκών) 319, 11.
(ἐπιστήμη) 273, 25.
(θεωρία) 301, 10.
(κλῆρος) 12.
(μυστήριον) 275, 12.
« (vópoc) 298, 1; 305, 19.
(
(
« (χάρις) 23; 131, 14.
θειότης 225, 13.
Θέμις 243, 6.
Θεόδουλος 30.
Θεοδώρα (βασιλίς) 309, 21.
Θεόδωρος ( ὁ ἅγιος) 327, 18.
Θεός 29; 30; 84; 141, 10; 143,
2. 14. 28; 147, 18; 151, 12;
163, 18; 169, 1. 6. 12; 171,8.
21; 173, 1. 12. 15. 18. 19. 20.
22; 185, 10; 191, 9:201, 9. 11.
12. 15. 17; 209, 13. 18; 211,
6. 11; 227, 10. 12; 229,3. 14;
241, 2; 253, 13; 261, 10; 265,
12; 267, 3. 20; 278, 24; 275,
11. 14; 281, 1. 13; 288, 21;
ἀπόστολος) 143, 27; 179, 6.
INDEX GRAECITATIS 485
285, 4; 297, 14; 3083, 16;
307, 18. 26; 318, 21; 817,
1; 919, 14; 321, 6. 23; 328,
3; 325, 5; 339, 5; 341, 6. 31;
347, 18; 349, 27; 353, 7; 355,
11. 18; 357, 30. 2; 361,9; 369,
9; 371, 46; 373, 51; 375, 101.
106; 377, 27. 28.
θεότης 255, 15; 259, 14; 288, 6.
Θεοτόχος 34.
θεοφιλής 201, 11. 19; 353*.
Θεοφύλακτος 12; 14; 15; 24; 30;
44; 46; 48; 66; 105; 118; 847";
353*, 10; 359*; 367*.
θέρος 181, 8. 12.
Θερσίτης 165, 8.
Θεσσαλονικεύς 391, 13.
Θεσσαλονίκη 291, 20; 297, 4; 381,
18.
θήρα 233, 27.
θίασος 321, 9.
θλαδίας 202". 293, 3; 301, 5.
θλιβίας 292*.
θρόνος 26; 147, 17; 158*; 229, 22;
275, 4; 283, 22; 327, 18; 347,
4; 961, 11.
Θυέστειος 289, 25.
θυμέλη 205, 6. 11; 321, 5. 8.
θυρωρός 247, 3.
θυσιαστήριον 265, 7.
᾿Ιακώβ 321, 16.
ἰαμβικός (στίχος) 377*.
ἴαμβος 2895.
ἰατρικός 143, 6; 311, 13.
ἰατρός 135, 6. 9; 157, 19; 171, 7;
203, 26; 273, 2. 30; 283, 25.
27; 309, 6. 9; 313, 4; 349*;
851, 4. 6; 369, 20; 377, 6.
Ἴβηρ 58.
᾿Ιγνάτιος (᾿Αντιοχείας) 323, 12.
᾿Ιγνάτιος (ἀρχιερεύς) 347, 1.
ἰδεῶν (Περὶ) 25; 1565; 157, 5.
Ἰεζεκιήλ 227, 11; 251, 15.
ἱερατικός 249, 14; 321, 4.
᾿Ιερεμίας 143, 4.
ἱερεύς 171, 21; 201, 8; 321, 2;
327, 20; 335*, 11; 337, 8. 30;
339, 6. 8; 363, 35.
ἱερός 237, 17; 249, 13; 823, 7;
325, 3.
Ἱεροσόλυμα 267, 4.
“Ἱερουσαλήμ 275, 26; 301, 11.
ἱερωμένος 249, 10; 271, 9; 361*.
ἱερωσύνη 173, 13; 381, 1.
Ἰησοῦς (Χριστός) 14; 191,9; 273,
22; 285, 5; 327, 3; 337, 15.
Ἰησοῦς 323, 3. 5.
᾿Ιθαμάρ 281, 3.
ἬἼνδης (μάρτυς) 327, 8.
?*Ivàóg 267, 7.
Ιορδάνης 349, 24.
Ιουδαῖος 30; 143, 14.
᾿Ιούδας 321, 14.
᾿Ιουστινιανὴ (Πρώτη) 15; 24.
᾿Ιουστινιανός (βασιλεύς) 293, 5;
809, 19.
Ἱππίας 391, 19.
ἵππος 183, 4. 10; 205, 23; 228,
14; 233, 25.
Ἰσαάκ, ἴδε Μεσοποταμίτης.
᾿Ισοκράτης 215, 18.
Ἰσραήλ 171, 22; 281, 3.
᾿Ισραηλίτης 178, 28; 249, 5; 847,
16.
ἱστορία 135, 17; 191, 28; 279, 8.
22.
ἱστορικός 168, 15.
25
