614 INDEX GREC
πάππος 27 17.
παραβολὴ 20 12 36 29,83.
παράδοσις 96 140,143.
ΠΠαράκλητος παράκλητος 44 20 58 89
6336 "756 8318.
παράχηψις 96 141.
παραμοναὶ 19 4.
Παρθένος 127 37.
παροικία 39 28 96 29.
παροικικὸς 85 38. H
πάροιχος 42 30 45 41, 96 28,137 129
12.
παροιμία 49 15. 61 4 79 61 85 77 88
38 96120 412025.
παροιμιαστὴς 73 26.
Πάσχα 15 16.
Πατὴρ 4233 "7513 $8598 112 18
12125.
πατὴρδ 40 2241 31835 373,13,25,55
382 457,48 513 5220 58 80,78,
88,84 5419 5862,94 60 18,19,21
6423 662 6731 737 "7538 77
7 7937 832,8 842,497 8613,
28,29 874 904 9941 10417.
πατραλοίας (δ) 60 91,
πατριάρχης 3 451,8 541 641 8232.
πατριαρχικὸς 82 20.
πατρικὸς 1011 104 15.
πατρικῶς 58 60.
πατρῴζειν 4216 1195 127417.
πατρῷος 215 2218 4118 20,22.
Παῦλος 1418 35 25 5227 5338 58
40 6016 989.
Παῦλος BA. Σμυρναῖος,
Πελαγονία 17 19 2426 946 9θ ὅ5.
Πελαγονίας (6) 60-61 214 361 644
8739 (P4).
πενθερὰ $20 9.
πενταδικὸς "73 55.
πεντὰς 13 22,
Περιβλεπτηνὸς Ιωάννης 109-110 971
101 1,2.
περιπατητικὸς 42 11.
περίπατος 29 18 42 4.
περιπόθητος 88 21 98 25.
Περσικὸς 81 11.
Πέτρος (ἀπόστολος) 87 81 120 9.
ἔτρος (χαρτοφύλαξ) 91 110-111 82
24 901 (Ρ 12).
Πήλιον ὅ ὅ 9 8.
Πηνελόπη 85 27.
Πίνδαρος 46 10.
πιττάχι 12 19.
πιττάχιον 18 11,14. 1938 49 11.
πλανηνὰ 85 32.
IDérov 4211,93 4427 4816 559,
14,20 112 15.
Πνεῦμα 25 19 37 ὁ 4591 5222 53 61
58112 59 54,56,88 63 36 6418 66
25 70418 7949 828 8736,12 96
45 989 100933.
πνευματικὸς 142,5,44,06 1834 206
824 10522.
myeupacuxo 59 57.
ποδάγρα 634 28 8.
Ποδαλείριος 48 12.
ποθεινότατος 34 2 416.
ποίημα 8119.
ποίησις 77 79.
ποιητὴς 34 8,20 47 6 110 44.
πολεύων 127 75.
Ἰπολίτης Νυκήτας 111-112 40 1.
Ἰπόλλις 55 16.
ἸΠολογίτης 12 6.
Πόλογος 195.
Ἰπολύευκτος 21 6.
πολυόροφος 96 68.
Πολύφημος 127 35.
πόντος 8114 9212,41.
ποταμοτελώνιον 410 12.
πραίτωρ 4 8ὅ.
πραιτώριον 1126 12 20.
πραχτικὸν 26 7.
πράκτωρ 26 10 29 11 3742 45 20,46
5722 8410 88 12,24 9817,49,74
98 36,54,05,86 408 11 126 4,12.
πρᾶξις 38 25.
πρεσβύτερος 16 9 2220 354295.
Πρέσπα 2283 108 1,7.
Ἡρίαμος 127 84.
Πρίγκιψ 4 22.
Πρισδιάνων (ὁ) 48 22.
πρόεδρος 282 1141 41281.
προεστὼς 45 66 59 81 6615.
INDEX GREC 615
προευεργετεῖν 127 24.
Ἱρομηθεὺς 65 19.
προνόμιον 1219 82 34.
πρόξιμος πρώξιμος 1836 1141.
προσκαθήμενος 22 29.
προσχύνησις 48,51 10519 1187.
προσχυνητὸς 17 22 2229 6039.
πρόσοδος 58 76,78 7520 9825.
πρόσταγμα 9 7 79 38.
πρόσταξις 26 18,20 96 121,126,140,153
98 73,75,91.
προφήτης 3620 85357 5432 5917
63 20.
προφητιχὸς 1110 2926 3815 532
85 7.
πρωτοασηκρῆτις 78 127 1,7.
πρωτονοτάριος 104 1.
πρωτοστράτωρ 84 14.22 120 37 127 17.
Πτολεμαῖος 127 79.
πτωχοχτηματίτζιον 32 27.
Ylo0«yópuc 422.
πυθαγοριχὸς 41 5.
πυρετὸς 48 8 120 10.
“Ῥαδάμανθυς 38 9.
ῥαψωδεῖν 111 9.
ῥητοριχὸς 926 4240 8183.
ῥήτωρ 85 913 815.
“Ῥόδιος 46 5.
Ῥωμαῖος 6522 78 28 81 30,41,75.
Ῥωμαῖος Θεοφύλακτος 116-117 421
431 461.
“Ῥωμανὸς BA. Στραβορωμανός.
Σαλαμίνιος 71 6.
Σαμψὼν 89 21.
σάνδαλος B 19.
Σάραμβος 46 22.
σατανᾶς 58 8.
σατραπικῶς 96 65.
σεβασμιώτατος 14 3.
σεβαστοχράτωρ 101 111 191 221
261 736 1232.
σεβαστὸς 4 34 81,20 1141 1219 15
16 1722 193 238,13,15 261 79
68 801 8829 1181 12037 123
49.
Σεμνῶν (ὁ) 61-68 8561 741.
Σεναχηρεὶμ 89 77 22.
Σερβλίας Ἰωάννης 117-118 49 1.
Σερρῶν (ὁ) 71 701.
σημείωμα 6040 8535.
Σθλάνιτζα 581.
Σθλανιτζόθεν 48 9.
σιγιλλᾶτος 22 17.
σιγίλλιον 1215 1728 22 80.
Σίδης (ὁ) 104 7.
σιελισμὸς 120 16.
Σιμωνίδης 69 12.
Σιὼν 37 45.
Σκοπίων (δοὺξ-) 18 1.
Σκυθία 36 6.
Σμυρναῖος Θεόδωρος 118-119 281 95
1 11217 1149.
Σμυρναῖος ἸΤαῦλος 28 20.
Σολομῶν 466 347,14,85 53 52 59 51
7126 8241 120 41.
Σόλων 79 13.
Σοῦσα 96 67.
Σοφία 4233 48626.
σοφιστὴς 127 74.
σοφιστικὴ 110 23.
XogoxMjs 48 18.
Σταγειρίτης 127 13.
σταυροπήγιον 82 20.
στίχος 76 24.
Στοὰ 29 14,
Στραβορωμανὸς ἹΡωμανὸς 17 23,28.
Στρομβίτζης (6) 8739 (PB).
στροῦγαι 13 19 96 98.
συγγενὴς 831 17 86 7322 874 114
10 127 60.
συγχαταβαίνειν 78 ἀ6 102 14 107 4.
συγχατάβασις 64 16.
Σύλλα 31 18.
συλλειτουργὸς 36 3.
Συμεὼν (ἡγούμενος) 52 20.
Συμεὼν (ἡγούμενος Φιλοθέου) 119-120
37 1.
συμπένθερος 86 1.
συνάδελφος 61 25.
σύνδουλος 4 54.
συνεχδοχικῶς 57 34.
συνεπίσκοπος 60 73 7536 1222.
