624
18 52
Bel et Draco
38
Osée
13 14
Jo8l
119
411
Amos
58
59
$10
Jonas
4 6-7
Michée
82
3 40
72
Matthieu
49
54
$ 12
537
78
718
7 14
724
7 25
88
8 14
847
8 27
92
10 36
INDEX DES CITATIONS
58 85-86
61 6-7
987
533.
100 27-28
35 3-4
98 14-16
85 85
$39
37 44
37 45
37 43
39 2
718
7 18-19
Habacuc
115
23
38
Sophonias
245
316
Aggée
29
Zacharie
96
916
Malachie
36
2. Nouveau Testament
105 19
57 19
14 13
75 23
26 25-26
80 6-7
14 12-13
71 83-84
63 30
64 31-32
1129
1209
88 105
31 21-22
1209
579
11 29
11 30
13 43
14 26-29
14 31
16 24
18 22
18 32
19 21
2221
234
23 24
24 12
25 15-28
53 26
120 12-13
113 21
578
120 40
71 17-18
53 17
38 14
53 59-60
89 28-29
54 32-33
63 15
101 4
120 23
58 115-116
14 11-12
36 34
31 22-23
5410
54 35-36
87 33
58 88
20 22-23
19 9-10
58 84-85
26 25-26
5871
80 5-6
57 8-9
70 20
67 11
25 27
25 32
25 36
25 40
28 20
Marc
29
& 39
59
724
923
950
Luc
1 46-47
178
179
6 25
6 26
6 28
6 45
86
88
8 16
8 80
1010
10 19
10 27
10 28
121
142
14 23
157
16 24
1221
198
19 17
19 20
19 22
20 15
INDEX DES CITATIONS
20 15
27 18
32 14
20 3-5
127 &
37 37-38
108 5-6
31 21-22
90 18
1018
135 24-25
16 27
105 40
32 8-9
772
36 44
57 19
21 11-12
87 24-25
16 2-4
16 6-7
58 91
58 90
112 14
1124
104 11-12
58 94-95
813
63 7
20 25
98 67
121 3-4
120 9
53 76-77
59 4-5
92 42-45
90 15
78 26
20 10-11
67 12
20 14-15
58 87
85 100-104
23 31
23 34
28 86
24 32
Jean
4 47
638
2 51
8 44
12 32
14 30
151
16 38
Actes
529
7389
18 47
2416
Romains
131
25
724
919
11 24
11 29
123
12 14
134
151
15 38
1 Gorinthiens
15
124
625
45 12-18
$8 61-62
88 100
36 17-18
54 15-16
1209
58 93-94
58 67-68
60 25-26
98 88-90
312
60 18-19
77 8
838
105 16-17
124 23-24
85 98
77 44-45
18 30-31
37 6
32 45
24 29
98 8
58 109
45 77
B3 39-40
328
128
B8 33-34
87 45
87 46-47
45 28-29
56 10-11
53 38
58 117
82 46
15 17-18
34 22
85 104-105
40
