628
Tiésiode
Théogonie 746
Travaux 109
Travaux 174
"Travaux 176
Travaux 179
"Travaux 304
Tiomére
Iliade
128
1155
1219
2 209
2 285
2 346
2 782
8 41
4 218-219
4 448
$ 176
5 401
5$ 698
6 180-131
78
849
8 94
8 104
8 282
8 527
9 281
9 238
9 238-239
9 239
11 817
14 16
15 137
16 149
16 452-458
19 308
22 88
22 158
INDEX DES CITATIONS
856
67 16
46 7-8
67 15
31 14
98 35-36
102 11-12
1125
85 82
40 13
809
100 23
48 12
44 10-11
742
48 18
45 16
46 17-18
115 7-8
100 10
94145
76 21
61 17-18
307
44 10-11
74 12-13
4745
80 9
99 7-8
77 87
71 37-38
68
T7 88
88 14
77 38-39
7112
11 33
61 13-14
1254
7115
71 412
78 9
81 44
22 389 272
24 348-8344 33 12-13
24 442 127 84-85
24 527-530 31 9-10
Odyssée
152 856
1 267 40 15
81 76 14-15
4 188 84 2-5
4 893 77 20
90 2-3
4 447 7532
$ 294-295 85 15-16
6 44-45 634
8 454 673
9 197 127 81
10 805 696
10 892 46 14
10 495 110 28-29
12 428 77 69
15 248 942
16 129 3129
16 187 292
17 222 129 10
19 163 66 2-3
20 23 75 32
Lucien
De mercede conductis 12 38 6
De mercede conductis 13 92 10
Lycophron
655 78 22
Oppien
Halieutiques, 2, 509 76 22
Pindare
Olympiques, 1, 17 125 4
Olympiques, 1, 78 65 14
Olympiques, 2, 101 469
Olympiques, 2, 158-159 67 37
Otympiques, 12, 1 133
Platon
Gorgias, 518b 46 21-22
Lettre 13, 360d 4427
Timée, 90a
Sophocle
Ajax 267-268
Électre 179
Électre 849
p. 28
p. 32
p. 42
p. 68
p. 108
p. 108
p. 124
49 15
52 7-8
INDEX DES CITATIONS
46 15 Oedipe à Colonne 1001
Synésios
48 47-18 Lettres (p. 845)
Lettres (p. 239975
52 17-18 Thucydide
92 17 2, 61, 8
4. Proverbes
p. 182
88 33 p. 191
40 9 p. 206
96 120-121 p. 291
90 5 p. 367
555 H, p. 9
85 77 p. 208
24 27 p. 500
5. Références non repérées
68 15
85 50-51
629
98 18
3217
75 35-36
85 39-41
96 81-82
1251
61 13
502
55 19-20
79 61-62
3012
506
