626 INDEX DES CITATIONS
26 45 48
38 20 9-10
4&8 58 79
58 98 68
941 105 21-22
104 6431
756
10 9-10 58 59
10 13 31 6-7
10 29
41 22 53 10-11
11 30 89 11-12
1210 61 16
134 8821
13 12 64 14
14 33 58 35
185 28 14 2-3
15 33 60 17
15 47 122 6-7
2 Corinthiens
13 63 35
75 18-14
86 29
18 75 7-8
87 8-9
215 79 94
216 14 30
249 83 12
47 775 18-19
440 52 29
5231
67 5227
78 75 8-9
715 14 13
578
97 105 19-20
11 28 60 82
11 26 75 38-39
129 5228
84 16-17
1241 60 82
18 11 88 28-29
Galates
14 35 94
5111
4 19
522
524
6 14
Éphésiens
22
24
214
3 10
3 20
43
4 13
$2
$56
58
516
69
612
Philippiens
128
227
33
321
4 13
4 23
Colossiens
112
120
35
&6
1 Thessaloniciens
$5
2 "Thessaloniciens
28
1 Timothée
24
27
564
39 35
59 88
14 18-19
1418
58 39-40
987
87 32-33
58 117
58 40
35 15
80 22-28
80 22-23
4 23-74
11 30
36 44
37 40
16 32
45 47
39 32
77 56
63 33-34
75 19
53 36-37
20 26
37 55-56
82 30-31
5437
775
105 10
3755
87 20
988
1424
25 9-10
37
58
2 Timothée
27
226
33
&8
Tite
28
35
Hébreux
18
218
412
413
52
5414
Anne Comnéne
Alexiade (II, p. 438)
Aristophane
Grenouilles 87
Guépes 516
Nuées 225 s.
Nuées 398
Ploutos 9
Ploutos 288
Aristote
INDEX DES CITATIONS
49 16
35 26-27
21 19
55 49-50
75 39-40
98 8
126 16-17
30 13-14
95 13-14
61 27
63 23
45 41
48 44-45
45 41
45 9-10
848
97
12 16
12 23
Jacques
147
1 Pierre
29
228
3 19
4 17
1 Jean
220
4 16
2 Jean
12
Apocalypse
44
3. Auteurs classiques
120 33
472
424
129 4
82 38
76 18-19
326
Histoire des anim., 8,2 127 88-89
Météorologiques, 4, 2
Empédocle
F. Müllach, Fragmenta,
I, p. 41?
p. 2
p. 997
P. 9815
48 19-20
B5 4-5
110 29-30
6 5-6
99 5
p- 144
in Aristote, De l'àme,
3,6
Euripide
Alceste 1160-1161
Cyclope 145
Hécube 1182
Médée, argument 16
Oreste 211-212
Oreste 258
Oreste 428
Oreste 450
Phéniciennes 40
Phéniciennes 920
Hérodote
278
627
54 29
58 114
58 77
37 $5
7214
87 29-30
115 11
31 27-28
5426
442
31 33-94
5426
41 4-5
6 14
44 11-12
127 32
115 10
78 11-12
8147
32 2-3
103 5
932
1093
936
102 11
62
76 4-5
128 10
