606 INDEX GREC
Βοιωτὸς 69 12.
Βορίσης 22 85.
βοτάνη 128 4.
βουκολικὸς 29 18.
Βουλγαρία 11 24 1716 249 96 86,
Βουλγαρίας (6) 41 611 1297 1321.
Βουλγαρίας BA. Μαρία.
Βουλγαρικὸς 22 21 96 34 120 34.
Βουλγαρόθεν 95 7.
Βούλγαρος 4 58,59 22 86 343,47 57
80 $980 7122 79 59 8232,40 89
12 96 98,4113 98 51 10111 103 1.
Βούτης 23 3.
Βριάρεως 5521,39 6112 96923.
Βρυέννιος (πατὴρ τοῦ Νικηφόρου) 40-44
861 1051.
Βρυέννιος Νικηφόρος 40-44 96 1.
Ἐυδίνη 18 33.
Βυδηνόθεν 48 8.
Ταλάτης 81 18.
Ταλήνειος 112 6.
γαμβρὸς 682 7918 9641 10912.
γερουσία 74 12.
γέρων 88 2,10,27,41,44,69,74. 59 80 60
68,94,95.
γεωμέτρης 127 57.
γεωμετρία 96 145 127 67.
γεωμετρικὴ 127 48,98.
Yeoperpuxóc 100 18.
Τεώργιος BA. ΤΠΙαλαιολόγος.
Tiva; 56 98.
Ῥλαβήνιτζα 48 8.
ΤῬλαβηνίτζης (6) 40 2.
γράμμα 417,40 638 10 3,5. 16 5,628
2234 252,9 305 3132 332,8,4
36 8,9,44. 37 3 42 22,27 44 4,10 45
5 5215,21,23 543 593,34,69 60
2,4,5,8,12,5,58,87. 618,5. 64 2,9,15
658,24 66 35 67 5,32 732,50 76
4,210,777 2,2 78 5,18 8245 84
12,3,29,25 857 86 7,23,24. 87 45,
38 883,27,80,91 893 954, 97
16 1063 1148 118 7,8 1243 125
2 12711,26 1302.
γραμματίδιον 27 9 72 5.
Τραμματικὸς Νικόλαος I" 96-97 454
541 641.
γραμματικὸς 88 1.
γραμμάτιον 75 327 8810 1286.
γραμματοχομιστὴς 37 2 52 13,19117
2.
γραφεὺς 60 10 959.
Τραφὴ γραφὴ (5 &ylx—) 109 2116 31
28 85101.
γραφὴ 13 12 18 4,16 2224 4228 44
12 66 19,29 87 2 9238 10413 114
7 1175 1327 13313.
γραφικὸς 36 25.
Τρηγόριος (ἅγιος) 29 29 60 44.
Τρηγόριος (θαυματουργὸς) 81 47.
Τρηγόριος (μοναχὸς) 66 4,11.
Ῥρηγόριος 9X. Καματηρός, Πακουρια-
νός, Ταρωνίτης.
Ὑρῖφος 71 19 111 9.
γυναικάδελφος 81 17 14.
Δαβὶδ 78 43.
Δαίδαλος 120 45,47.
δαιμόνιον 11 29.
δαιμόνιος 42 5,13.
δαιμονιώδης 7024 96 70.
δαίμων 8412 4562 7422,24 906
101 8.
Δανιὴλ 61 5.
Δαυὶδ 411 2211 2722 318 3613,
40 3712 8925 854.
δαυιτικὸς 85 54.
Δέβρης (5) 122 1.
δεκαδάρχης 29 5.
δεκὰς 73 54 105 13.
δεχατοῦν 96 118.
δεκάτωσις 96 85.
δεσπόζειν 26 14 85 38 96 142.
Δέσποινα 119 7.
δέσποινα 43,4 8411 1071.
δεσποτεία 60 30.
Δεσπότης 6312 12123.
δεσπότης 9 2,22,25 104 13244415
144 2241 3083 313 354 452,6,
84,88,96 513 522,95 546 643,23
662 0713 722 732 78 3,38,42
773,6 79 66 823,54 832 882 90
4 1132 1213 1242.
INDEX GREC 607
δεσποτικὸς 920 2018 842 7319.
δεσπότις 96 124.
Δημήτριος Φαληρεὺς 42 7.
Δημήτριος (ἀδελφὸς τοῦ Θεοφυλάκτου)
48 59-60 71 95 96 4 5& 19 2821
902 9110 937 98410 11019 111
23 1138 12111 1222 1233 127
2,10 1331,12 1341.
Δημήτριος BA. Κριτόπουλος.
δῆμος 127 92.
δημοσιακὸς 96 71.
δημόσιος 1138 5521 568 6111,12
7910 8533 945,8 96 62,91,84,86,
89,102,407 98 52.
Διάβολις 538-64 22 3,0.
Διαβολογύρης 53-64 151.
διάβολος 18 40 49 16 75 40.
διακονία 20 17 84 5,26.
διάκονος 22 20 373 6418 658 6612
841 106 11.
διαμετρεῖν 45 42.
διδάσκαλος 71,7 4217 5217 5338
6036 701 8627 911,10,
διενεργεῖν 21 9 4912.
διέπων 127 76.
δικαιώματα 49 9 6043 98 58.
Διομήδης 47 15.
Διονύσιος 55 10,13.
δομέστικος (μέγας--) 51 75 791 86
1
Δούκαινα Eliot» 84 11.
Δούκας (γένος) 26 13.
Δούκας ᾿Ιωάννης 00-07 81 171,30 23
8 2613.
Δούκας Κωνσταντῖνος 04-00 88 18-19
1181 1191 4127 16.
Δούκας Μιχαὴλ 84 13-14,22 88 18-19
12037 12717 (P810)
δουλεία 531,39 1220 2610 2726
$723 8534.
δουλεύειν ὅ 34 18 21 79 60.
δούλη 84 21.
δουλικὸς 118 18.
δοῦλος 4 42 520,35 713 1045 13
24 2012,13 2621 575 5887 79
47,68 8165 8546,48 120 80,40,
43 12123.
δοὺξ 181 1041 1051 1231.
δρουγγάριος (μέγας---) 68 2.
Δρύας 61 18.
Δυρραχικὸς 120 32.
Δυρράχιον 4 35 1051.
δωρεὰ 96 117.
ἐγγράμματος 59 11.
ἔγγραφον 23 15 6037 6628 8532.
ἐγγράφως 66 30.
᾿Ἐζεχίας 120 6.
εἰλητάριον 78 7.
Εἰρήνη BA. Δούκαινα.
εἰσπράττεσθαι 55 26 84 10 96 110.
ἐχβαρβαροῦν 34 2.
Ἐκβάτανα 96 67.
ἐκκλησία 712 126,228 15523,24,
30 1724 1821,27 22 15,021,228,
31,35 26 7,8,14,447 3127 3227 35
26 4231 4566 5311 582 5920,
22,732,76 66 15,17,32. 7730,32. 82
2,80 8531,32 8811 9228 90616,
28,76,105,117,125,130,136,138 98 59,
78 126 4,414 127 104.
ἐκκλησία (μεγάλη---Ἰ 71 91 1.
Ἐχκλησίαι (Αἰ) 47 δ8 71 75 110 34 16
9010 111 5,15.
Ἐκχλησιάστης 16 13.
ἐκκλησιαστικὸς 9 27 486 583,78 59
45 6411 85 57 9638 10810 127
125.
ἐχπροσωπεῖν 12 19.
ἐχπροσώπου 12 28 18 4.
ἐχκτραγῳδεῖν 77 54 87 19.
"Exvop 127 41.
᾿Ἐλισσαῖος 63 20.
Ἑλλὰς 9 32.
“Ἐλληνἕλλην 29 31 41142 4840 96 98
98 87.
ἑλληνὶς 8114 110 8,
Ἐμπεδοκλῆς 6 5 99 ὅ.
ἐνορία 82 7,11,16.
ἐνυπόγραφος 23 15 66 8ὅ.
ἔξαρχος 82 37,40.
ἐξκουσσεία 12 7 98 92,117.
ἐξκουσσεύειν 98 83.
ἐξουσία 24 12 26 26 58 28,29,40 61 9
