616 INDEX GREG
συνιερεὺς 75 36.
συνοδικὸς 59 18.
συνοδικῶς 87 38.
σύνοδος 31 36,97 58 98 591 6027,72,
7& 108 4.
συνόδους (ὁ) 127 88.
συνταγμάτιον 42 8.
συντέλεια 96 130.
σφαιριστικὴ 127 66,69.
Σωτὴρ 204.
Ταίναρος 111 23.
Τάναϊς 81 15.
Τανεσμὰν 81 13.
Τάνταλος 34 13.
ταξεώτης 18 38.
ταπεινότης 4 14 δ8 1018 134 14
28 563 786 9240 1148 1185.
ταριχεύειν 1318 105 11.
ταριχευτὸς 73 48.
τάριχος 12 88.
Τάρταρος 96 27.
Ταρχανειώτης (Κατακαλὼν) 120-121 16
1 201.
Ταρωνειτόπουλος Ἰωάννης 126-128 48 1.
Ταρωνίτειος 81 63.
Ταρωνίτης Γρηγόριος 121-126 49 11 65
1 V81 811,93,46,50 921,11.
Ταρωνίτης Ἰωάννης 126-128 181.
ἸΤαρωνίτης Μιχαὴλ 65 1.
Τειρεσίας 110 28.
τελεῖν 96 126,129.
τέλος 128 96 104,123 98 64.
τετρὰς 13 24 73 55.
Τζαχᾶς 8 9-11.
Τιβάνιος 129-130 1352.
τίμιος 75 88 113 17.
στιμιότης 52 12 59 34,86 7027 77 66
8226 8315 8713 8827 12115.
τιμιώτατος 212 303 354 362 51
8 532 562 572 5889 592 63
28 644 "752 773 822,24 872
912 1212 1222.
τοπάριον 96 113.
Τορνίκιος 109 11.
Τοῦρκος 81 51,69.
τραγικὸς 29 17 82 89.
τραγῳδία 74 4592 952,6.
τραγῳδὸς 92 34.
Τριάδιτζα 58 20.
Τριαδίτζης (δ) 63-66 1825 581,53
591 601 7536-87 7751 871
(P3).
τριαχκοντάρχης 29 5.
Τριέσπερος 5 25.
τρικέφαλος 96 114.
τρισμάκαρ 27 ^.
τρισμακαρίτης 27 ^.
τρυγίας 52.9 53 27.
Τυφὼς 96 23.
ὕδρα 85 64,69.
υἱικὸς 108 8.
Tiàc 84 18.
υἱὸς 8 40 817,18 101 111 191 21
6 221 261 313 375455 463
$3 31,83 552 7130 804 813 84
13,19 8819,21 912 923 987 99
2 1043,12 1083 1151 1162 120
9 1232 12716,9314 128 2 1313.
“Ὑμηττὸς 25 13.
ὕπατος (τῶν φιλοσόφων) 951,3.
ὑπέρλαμπρος 3810 1061 1151 116
1 1282 1312.
ὑπέρτιμος 27 4.
ὑπογραμματεύων 78 85 86 1278.
ὑπόμνησις 38 27.
ὑποτελεῖν 96 97,130.
ὑποτελὴς 89 &0 55 26.
Ὕψιστος 86 30.
Φαληρεὺς 42 8.
Φαραὼ 3220 4538.
φαραωνίτις 58 29.
Φαρισαῖος 806 9867 1213.
φαρμακεία 97 31.
φαρμακεύειν 40 7.
φάρμακον 11 21 139 339 4614 48
13 805 5818,49 755 7810 97
2&4 1176 12732 128 4,6.
φαρμακοποσία 50 6.
Φαρσάλιος 127 96.
Φάσις 81 16.
INDEX GREG 617
φθίσις 111 24.
φιλαδελφία 5236 7516 775.
φιλάδελφος 52 35 635 7217 7757
9235 1007 127127 1328.
φιλάχηθος 819.
φιλανθρωπία 5235 5985 6830 85
102 9918 12743.
φιλάνθρωπος 712 177 4614 5234
6824 7510 933 11814 127127.
φιλία 611 2816 4228 4714 496
953 1328.
φιλικὸς 41 10.
φίλιος 29 8,
φίλιππος 127 93.
φιλόδικος 23 2.
φιλοδωρότατος 9 13.
φιλόθεος 8225 1007 1328.
φιλοκάνων 8226.
Φιλόλαος 127 50.
φίλος 103 1127 1522 1629 2415
273 322 412 4428 5389 562
$77 5952 759 8157 8612 89
15 936 978,13,222 106 4 120 47
132 4.
φιλοσοφία 28 7,221 42 3 46 11 5511,
14 100 16.
φιλόσοφος 44 29 46 18 95 1,2,9 100
1,8,4.
φιλοσοφώτατος 6 29 1149.
φιλόστοργος 75 16.
φιλοστοργώτατος 45 7.
φιλοτίμημα 9 32. 10 3.
φιλοτιμία 96 86,88.
φιλόφιλος 39 7.
φιλόχριστος 22 41.
φίλτατος 32 4 41 6,16 7127 993 127
128.
Φινεὺς 29 12 81 12.
Φοῖνιξ 6734 76 4,5 128 10.
φορολογεῖν 81 13,21 96 108.
φορολογία 81 20.
φορολόγος 79 11 81 20.
φόρος 55 27.
Φραγγικὸς 52 4,16 81 11.
Φράγγος 81 59,70.
χαλάνη 565.
Χαλκηδόνος (6) 821 844.
χάννα 127 88.
χαριέστατος 6 30 28 22 96 142 118 71.
χαρτοφύλαξ 304 511 661 8224 83
1 901.
Χάρυβδις 303 3118 5518 7769.
Χαρώνειος 6 5.
χειροτονεῖν 15 41.
χειροτονία 82 33.
χήρα 79 39.
χιλιαρχία 29 6.
Χοβὰρ 120 6.
Χοιροσφάκτης Κωνσταντῖνος 89-40 32
86,
χολὴ 120 17,18,21,26.
χοροστατιχὴ 127 102.
χρηστὸς 6 12 6748 7924 8019 88
21 9221,42 93 4,7 106 12 127 17.
χρηστότατος 918 7127 104 12 121
17 1222 12789.
χρηστότης 4 52 9 24 1214 1711 19
8 314 358,3 4226 433 518
58 11,14,108 63 23 6720 6822 73
45 7928,71 8862,105,16,28 95413
98 43,72 10030 1075 1123 123
15 12742.
χρίειν 156 59 70.
χρῖσμα 3642 5426 79 49.
χριστιανικὸς 78 21.
χριστιανικώτατος 22 35.
χριστιανὸς 11 26 48 68 56 5,13 77 38
7914,56 8012 8317 952,3,
Χριστὸς 474 12 80 1418 152 2510
3422 3932 4019 442,22 5337
$715 5892 6331 79 55 8150,
7&4 8230 8312 85 47,99,10 4. 87
28 10312 10612 1084 13523,
27,87.
χριστὸς 36 50,41.
χρυσῆ σειρὰ 123 15.
Χρυσήλιος Θεόδωρος 127 44,82,115.
Χρυσοβέργης 35 1.
Χρυσοβέργης Νικόλαος (ἀδελφὸς τοῦ
προηγουμένου) 35 23.
χρυσόβουλλον 19 5.
χρυσόβουλλος λόγος 85 34 98 76.
“Χρυσοστομικὸς 34 21.
