610 INDEX GREC
Ἰσαάκιος BA. Κομνηνός.
Ἰσραὴλ 37 39 68 17 110 8.
ἰσχιὰς 103 4.
ἰχθύδιον 18 18.
ἰχθυοφαγία 13 17.
ἰχθὺς 1233 1819 73 12,:8,50 96 99,
118,145 1052 1192.
Ἰωάννης (ἀδελφὸς τοῦ Θεοφυλάχτου) 71
9ὅ-96; QX. Δημήτριος.
Ἰωάννης (ἀπόστολος) 94 25. .
Ἰωάννης (γραμματικὸς τοῦ Παλαιολό-
yov) 100.104 881.
Ἰωάννης (μαΐστωρ ἢ ἄλλοι) 68 69 42 23,
25,80 462 621 631 1001,2.
Ἰωάννης (A. ᾿Ατταλιάτης, Δούκας, Ko-
ὑνηνός, ᾿Οφεώμαχος, Παντεχνῆς, Πε-
ριβλεπτηνός, Σερβλίας, Ταρωνειτόπου-
Aoc, Ταρωνίτης.
Ἰωάννου (κάστρον τοῦ ἁγίου---Ἰ 59 81.
Ἰὼβ 1622 45 561 85 63 9710 986.
Ἰωνᾶς 53 9.
καθολικὸν 22 36.
χαῖσαρ 9 1 1341 731.
κάκυνσις 4 72 4020 4117 4233 43
15 4431 4626 50 8 95237 5550
6136 6525 6838 7131 78 47 79
78 8025 85107 8632 8837 89
32 9251 9895 10218 104 18 105
24 11032 1169 11824 11914
126 18.
κάκωσις 4 73 1017 1140 2730 31
49 82830 4020 4118 4234 4315
4432 4626 508 5238 5550 61
37 6526 6838 7132 78 47 7978
8026 85107 8632 8837 8932
9254 98 96 10219 10417 10524
11032 116 7,8 11824 11914 120
28 12617 12728.
Καλλικλῆς Νικόλαος 69-73 931 941
1101 1111 41121.
Καλλιόπη 25 6.
Καματηρόπουλος 73 271.
χαματηρὸς 127 46,47.
Καματηρὸς Γρηγόριος 73-79. 274 311
671 1151 1161 1271.
Καματηρὸς Τρηγόριος (ἐπίσκοπος) 79
591.
Κάννινα 35 20.
κανονιχὸν 9 7,21.
κανονικὸς 60 87.
xevov 2815 58 104 5919,21,40 66
24 826,15,9,22,27,44 84413 1083
115 5,8 127 64.
Καππάδοξ 81 19.
Καρθαγένη 58 111.
Καστορίας (ὁ) 18 24.
χαστρηνὸς 57 29,80.
χαστροχτίστης 32 18.
χάστρον 57 81 59 81.
καταγράφεσθαι 85 81.
καταγραφεὺς 96 93.
χαταδουλοῦν 86 15.
Κατακαλὼν 16 1.
χατασόλοιχκος 60 35.
κατεπᾶνος 32 19.
καυστηρὸς 76 22.
κελλίον 60 39.
χενοῦν 111 16.
κένωσις 111 6,17.
Κερκύρας (ὁ) 75 1 177.
Κέρκωψ 85 86.
χεφάλαιον 96 96,139 127 22.
χεφαλαλγία 113 12.
κεφαλὶς 30 12.
Κηδὰρ 79 69 907.
Κίρκη 46 12.
Κίτζαβα 82 16.
Κίτρους (6) 87-60 141 521 1131
121 1.
Κλεοπᾶς 94 15.
κληρικὸς 18 36 45 40 96 81,97,101.
κλῆρος 37 56 5819 99 16 118 20.
κλιμακτὴρ 127 78.
Κολχὶς 78 11 92 4.
Κόλχος 78 11 81 15.
Κομάνος 57 24.
κομμάτιον 47 2.
Κομνηνὴ Μαρία 18 13.
Κομνηνὸς ᾿Αδριανὸς 44-47 5.1 791 85
1 891 981.
Κομνηνὸς ᾿Αλέξιος Α΄ (P 2).
Κομνηνὸς Ἰσαάκιος 10 1 111 2241 73
6,34 1232.
INDEX GREC 611
Κομνηνὸς Ἰωάννης 48-83 434-35 101
411 121,16 1516 191 221 231
241 261 611 (P1)
Κομνηνὸς Κωνσταντῖνος 48 49 12. 123 1.
Κομνηνὸς Νικηφόρος 88 1.
οπρινίστα 111 40 13.
Ἱοπρινίστρα 40 13.
Κορίνθιος 60 17.
χοσμικὸς 142,5 1615 1835 828.
χκοσμοχράτωρ 45 47 98 81 10517.
γχράββατος 108 5.
χραταιὸς 125 13 13 2216,28,41 248
45 26 5814 59 39 6038 7130 88
32 98 84.
κράτιστος 2224 239,17 7211 8160
8520 927 9620 9824 120234.
χράτος 18 4,411 68 18,
κρατῶν 67 25.
Κριὸς 127 37.
Κριτόπουλος 21 7.
Ἀριτόπουλος Δημήτριος 21 7-8.
Κρόνιος 82 88.
Κρόνος 5 32.
xTüuo 9 20.
κχυβόχυβος 127 57.
Κύχλωψ 693 127 26.
xóp 41 71 111 171 216,13 238
3523 374 381 391 401 481
491,11 511 5220 5381 611 621
641 651 661 671 681 701 72
1 781 811 821,24 831 851 88
1 891 921 931 974 981 100
1 1011 1021,2 1041 1101 111
1 1181 1201 1231 1241 1271
1291 1351.
χυρὰ 43.
κυρία 84 22.
κυριακὴ 11 24.
χυριακὸς 36 32.
Κύριος 8 17 15 & 16 2,18.20 18 41 20
26 2111,19,21 2518 313 329,30
354,33 36 19 37 24,33,96 38 16,93
89 86 440,31 4594 463 4819
4916 514 5225 5313,09,00 54
27,83. 852,46 5923,87,92 6121
6333 6525 7211 7429 7517 78
37,47 79 75 802 813,13 8321 85
8 912,1 2923,49 95412 97411
10031 10218 1043 108 8 115 1,
10 116 2,8 1202 1223 1274 128
2 12913 1313 13212 13514.
xüpw 215,6 5220.
χωμιχὸς 2917 325 472 8289.
κώνειον 85 48.
Κωνσταντῖνος BA. Δούκας, Κομνηνός,
Χοιροσφάκτης.
Κωνσταντινουπόλεως (6) 82 32.
Κωνσταντινούπολις 18 23,28.
αωνσταντινουπολίτης & 58 82 39.
Λαέρτης 69 4.
Λάζαρος 47 103 96 27,82,443 98 81,
20.
λαϊκὸς 1221 1510 584 96 97,106.
“Λαιστρυγόνες 69 2.
λακωνίζειν 117 2.
λακωνισμὸς 117 3.
'Λαμπηνὸς BA. Βέσης.
λαμπρότατος 46 2 104 8 12014.
λαμπρότης 27 8 114 8,
“Λάρισσα 127 95.
Λατῖνος 97 19.
“λειβήθριοι 50 6.
λειτουργεῖν 18 13.
λειτούργημα 19 6.
λειτουργία 15 12 59 73 73 19.
λειτουργιχκὸς 105 21.
λειτουργὸς 45 59,60 5222 83 86,87
126 7.
Aepvatoc 85 64,
“Λέρνη 85 77.
“Λευιαθὰν 105 8.
“Λητὼ 518.
Aion 96 53.
Aunevioo (ὁ) 58 100 59 75.
λίτρα 60 41.
“Λογγῖνος 29 7,8.
Λόγος 38 2 46 25 5222 58 87 δᾷ 18,
41 7711 8015 9014 10416 105
2,5 122 7.
Aoox&c 31 20.
ΔΛυδὴ B 15.
Λυδὸς ὅ 10,20.
Λυχοῦργος 61 18.
