622
90 10
90 12
93 6
98 13
93 19
101 19
101 20-21
101 28
102 5
102 10
103 45
103 34
104 14
104 17
105 48
106 16
106 27
106 29
106 40
107 14
108 3
108 4-5
109 2
1114
111 40
113 20
115 3
118 18
118 53
118 58
118 105
118 131
119 5
120 1
120 4
1221
1281
128 2
123 8
123 4
INDEX DES CITATIONS
38 17-18
86 81
43 10
45 17
54 43-44
75 25-26
4 12-13
90 8-9
15 3-4
8 17-18
37 12
78 42
120 11-12
29 21-22
7I 4-5
153
1211
32 43
35 5
8 22-23
52 9-10
120 3-4
37 42-43
55 23
85 59
83 19
13 5-6
96 8
4 36
358
120 2
$4 42-43
96 8
247
36 36
619
79 69
907
81 90
87 22-23
37 38-39
87 21-22
37 32-33
61 20-21
354
37 33
355
123 4-5
124 3
124 4
126 1
128 3
135 23
139 4
140 $
1431
144 19
145 7
146 3
Proverbes
6 34
88
9 2-6
94-7
118
14 22
14 30
15 25
15 29
181
18 17
213
24 27
26 27
30 15
Ecolésiaste
12
412
7 23-24
94
Cantique
18
21-2
25
6122
63 34-35
35 6-7
98 16
43 18-14
98 93
100 32
37 40
37 33-34
357
59 30
96 15
327
8 21-22
77 88-89
98 92
67 20
75 11-12
8244
59 14
28 10-11
34 6-8
58 112-113
37 35
75 26
89 28-29
37 52
59 51-52
976
72 25-26
73 27
98 77
37 46
16 14
21 16-17
7740
34 14-15
89 48
1224
79 19
127 54-55
i !
1
Siracide
2410
39
25 23
45 19
485
Isaie
15
16
112
130
34
3 12
525
95
109
10 14
14 11
14 27
261
26 19
274
28 21
32 20
38
42 14
453
INDEX DES CITATIONS
34 9
4 68-69
53 17-18
98 14
53 20
85 94
53 48-49
224
113 4-5
120 3
99 21
120 12
16 17-18
104 15-16
85 103-104
5321
79 3-4
57 41
12 17-18
59 23
37 48-49
45 20
3742
45 20-21
98 68-70
45 47-48
55
8 14-16
96 12
96 135
41 13-14
10 8-9
53 61-62
59 16-17
105 8-9
53 20-21
85 83-84
54 20-21
120 6
652
20 23-24
4&7 18
49 18
506
5117
$586
611
618
61 10
62 10
66 12
Jérémie
221
38
419
4 22
821
93
114
124
188
22 14
28 34
484
Lamentations
115
215
3165
Ézéchiel
26
322
13 22
264
87
37 1-14
Daniel
2 41-43
625
36 14
7511
22 18-14
61 30-31
6 43-45
58 112-113
32 13-14
32 10-11
207
32 9-10
61 7-8
77 89-90
18 42
21 20-21
1110
80 37-38
45 37
538
3741
79 69
53 13-14
58 25
96 68
77 28-29
88 17
988
85 86
45 73
5317
65 3-4
77 29
102 7-8
120 6
99 15
32 19
48 19-20
79 25-26
120 8
46 7-8
