620
76
1856
193
19 11
19 14
20 45
219
21 11
21 13
2114
294
296
30 15
39 2
40 25
Psaumes
57
543
78
INDEX DES CITATIONS
986
$8 86
97 11
97 11-12
97 10-11
16 23-24
85 61
85 61
85 62
11 47-18
98 26
96 63-64
79 45
79 24
45 79
105 9
60 20
98 75
57 27
14 22-93
45 19-20
57 28
79 45-15
96 46
45 55-46
74 29
99 44
3747
96 19
96;80
8 16-17
85 93
822
59 78-79
400 25
38 16-17
54 33
78 56-47
96 13-15
40 14
20 19
96 9
7829
38 33-34
36 22-23
17 12
17 13
17 27
17 83
17 85
17 40
1741
17 43
186
18 9
19 2-8
204
21 12
21 44
221
22 1-2
222
24 10
24 20
25 4-5
258
271
27 ὃ
277
292
298
29 12
306
30 19
30 25
314
829
848
984 14
84 17
3852
36 1
36 15
36 17
86 28
36 25
36 28
36 36
36 39
36 24-25
36 26-27
87 25
3831
78 28-29
78 32-33
78 32
1205
32 12-13
78 38-39
8511
36 35-36
89
81 50
45 18-19
96 11
63 15-16
106 13-14
71 45-87
98 4-5
85 92-93
59 26-27
535
71 58
87 11-12
98 2-3
98 13-14
17 3-4
3211
98 11
189
38 15-16
45 15-16
53 49-50
38 30-31
113 17
79 &
973
20 25
38 17
98 13-14
43 9-10
101 13
16 18-19
16 19-20
120 23-24
16 20
322
328
8711
37 12
37 20
8721
382
38 3
884
38 12
412
423
4245
ἀ8 14
48 20
442
4k 4
44 5
452
45 10
4512
505
$0 10
$0 12
51 8
516
546
$949
54 16
598
$95
$9 14
604
615
INDEX DES CITATIONS
53 20
48 11
85 78-79
85 89-90
577
75 9-10
97 8-9
75 9
83 20
45 3
75 33-34
$2 10-11
61 28-29
36 13
45 78
98 5
308
8 19-20
59 23-24
37 26-27
79 69
77 17-18
38 29-30
100 28
9 18-19
70 25
8 7-8
38 33-34
78 34-35
51 4-5
803
30 10
22 37-38
3721
45 24-25
$9 15
11 18
45 36
98 9-10
1033
54 7-8
60 81-82
53 14
53 14-15
81 93
13 5-6
98 23
619
61 11
622
634
63 4-5
636
638
64 12
65 12
65 16
677
67 12
68 13
68 15
68 27
70 20
70 21
718
719
73 3
78 7
78 18-14
74 6
74 9
78 2-8
79 9s.
79 48
823
83 2
83 6
837
87 ὅ
88 15
88 34
89 14-15
90 9
621
38 45
16 22
4& 15
38 14
98 10-12
98 78
38 18-19
35 8-9
31 7-8
352
96 2-3
8 23
353
20 8-9
85 54-55
54 6-7
549
98 12-18
548
8 20
9 9-10
75 21
836
512
536
8 9-11
8 23-24
529
57 5-7
2211
8 18-19
574
96 10-11
S34
103 2-3
17 31-92
31 40-41
43 3-4
514
57 38
1225
96 7
98 4
&51
32 23-24
86 29-80
