608 INDEX GREC
6815,18 7522 8285 9865 119 6.
ἐπηρεάζειν 11 29 26.30 8419 111 19.
ἐπηρεασμὸς 111 19.
ἐπηρεαστὴς 13 6 22 14.
ἐπηρεαστικῶς 96 73.
ἐπήρεια 128,20 2229 2631 5216
66 41 8420 9111 92 44 100 9 106
15.
ἐπὶ τῶν δεήσεων (6) 112-113 6 4 78-9
6040,56 109 1.
ἐπιρραψῳδεῖν 31 8.
ἐπισχεπτίτης 21 15.
ἐπισκοπὴ 18 11,17,18,20,22,922 21 22
226 3222 404 6058 772.
ἐπισκοπικὸς 60 60 66 23 77 49.
ἐπίσχοπος 41 22 12,14,27 4012 45
56,04 561 571 58 48,47,51 59 76
6065 644 6621 7751,3 871
1211 1221 1297.
ἐπιστολὴ 41 79 81 1132 4592 54
7 6070 611 752,95 77414 8182
8225 894 1272 1352.
ἐπιστόλιον 5417 673.
ἐπιτραγῳδεῖν 34 106.
ἐπιφανέστατος 108 3.
ἐπιφαύσεις 76 26.
Ἐπίχαρμος 41 5.
“Ἑρμῆς 69 5.
Ἑσπερὶς 77 79.
ἑτερόδοξος 98 79.
εὐαγγελικὸς 78 20 87 46.
εὐαγγελικῶς 58 60.
εὐαγγέλιον 2011 5376 5867 6024
702 8014 9888 13524.
εὐαγγελιστὴς 36 21.
Ἐῤάνθης 127 31.
εὐγένεια 26 20 3137 3823 8541 68
23. 120 43.
εὐεργεσία 120 35.
εὐεργετεῖν 17 16 36 2 45 91 5422 67
24 8147 1273,5,24,129.
εὐεργέτης 12 13 45 4 873,15 96 103.
εὐεργετικὸς 17 6,33.
εὐεργέτις 46 11.
εὐχτήριος (οἶκος) 82 18.
εὐλαβέστατος B2 20.
εὐλογία 1232 1318 5423 7351 92
29 119 6,812.
Εὐμάθιος 21 4,13.
Ἑὐμάθιος BA. Μακρεμβολίτης.
εὐνοῦχος 5 20,21,22 3118 6639 96
106.
Ἐὔριπος 831 1736.
E$poc 85 15.
εὐσεβέστατος 85 82.
Eboquievóg 115 9 127 27-28.
"Eo£otoc 98 33.
Ζακχαῖος 78 26.
ζευγαρᾶτος 96 129.
ζευγάριον 96 83,91,93.
ζευγολόγιον 127 2622 98138.
Ζεὺς 89,830,392 6 13,16 319 386 67
37 935.
Ζέφυρος 88 15.
"Hg» 543.
ἡγεμὼν 32 17.
ἡγιασμένος 52 24 84 11.
ἡγούμενος 371 66 19,28,35 79 12.
Ἥλίας 53 22 63 20.
Ἥλιος 128 10.
᾿Ἡλιούπολις 76 4.
Ἥρα 5 12.
Ἡρακλῆς ὅ 9,93 40 14 85 36,65 88 34.
Ἡρώδης (᾿Αττικοῦ) 127 74.
Ἡρώδης 74 10.
Ἡρωδιανὸς 74 45.
ἪἨσαΐας 18 42 20 24 4113 8583 98
69.
Ἡσίοδος 31 10 67 16.
"Hyà 34 12.
θεῖος 11 17 12 2 1321 153 1716 18
20 2430 3012,13 3611,15,40 37
42 427,13 44 26,91,55,59,50,61. 58
3,51,55 54 14,32 56 5 5835 59 19,
23,46 618 6323 6411 657 679,
37 7017,23 7319 79 11,38,50 81
5,93,97 8206,12 8415 8537,88 88
32 8919 9011 98 4,15 104 ἃ 105
22 1077 12811 135 5,1,13, 19, 20,
22,24,29.37.
θειότατος & 10 915 115 124 9678.
INDEX GREC 609
θείως 135 25.
θέμα 2411,13,19. 59 37 67 15.
θεμάτιον 24 25.
Θέμις 29 3 76 19.
Θεοδόσιος 92 46.
Θεόδουλος Θεσσαλονίκης 128-129 772 4.
θεοδώρητος ἀντίδοτος 111 3.
Θεόδωρος βλ. Σμυρναῖος, Χρυσήλιος.
θεοειδὴς 17 33.
θεόθεν 111 25.
θεομήτωρ 77 84.
θεόπλαστος 79 20.
Θεὸς ᾷ 11,30,48,72 ὅ 89 6 40 8 25,26,
35 914,27 102,13,16 11 2,9,15,17,
29,39 123,11,42 132 143,24 15
30,31 16 30 17 8,10,11,12 18 29,30
1910 204,49 2238 2321 2429
2722,25,80 30 18,25 31 4,0,28,35,
39 329 35 13,20,21 36 2 37 52 38
20,31 3914,39,42,55,47 4111,14 42
33 436,9,13.442,8,9 45 29,37,56,59,
60 4617,25 512 5228 853 50,1,
36,89,52,54,57,00. 54 29 — 58 34,81,
117 8916 6020,51 618,14,34 63
13,35 6419 678,10,23 68 23,30,
31,37 698 7017 7125,80 729,14
737 "7428 7514,17,11 7627 77
10,11,70,89 78 41 79 31,46,76. 80
15,25 8127,98 8246,17 8418,21
85 4,90,104 8612 8721 8823,29,
36 8931 909 96 3,133,156 98 92
9941 1002,27 10113 10216 103
2 10410,14 10515,22 1072 110
31 113 17,19 118 22 119 4,42 120
23,94,4,0 1228 1266 12742 130
6 13210 1338,13 135 26,35,96.
θεὸς 112 125 292 3412 5531 77
98 88 14.
θεοστεφὴς 12 5 13 4,15.
θεοτίμητος 40 2 88 2.
Gzoróxog; 1318 1722 2428 2630
1197 1339.
Θεόφραστος 42 7.
Θεοφύλακτος ᾿Αχρίδος 4 1 28 15,19 61
1 663 1351.
Θεοφύλακτος BA. “Ῥωμαῖος.
Θεσσαλία 127 95.
Θεσσαλονίκη 111 5,111. 120 24,55.
Θεσσαλονίκης (ὁ) 721.
Θέτις ὅ 18.
θεώρημα 127 53.
Θουκυδίδης 85 4&1.
θυγάτηρ 37 45 58 8.
θυγατριδὴ 27 9.
᾿ακὼβ 48 & 444.
ἰαμβεῖος 76 24.
᾿ἸἸασίτης 43 60 103 1119,26 3118 88
18 9674 1282-5.
ἰατρικὸς 93 4 1126 113 16.
ἰατρὸς 53 45 5735 6076 7828 81
80 9414 9727 991 1021 1101
1291 1339.
Ἰεζεκιὴλ 79 25 120 7.
ἱεράτευμα 72 11.
ἱερεῖον 74 13.
Ἱερεμίας 2121 45 73 65 4 85 37,86.
ἱερεὺς 11 8 12 7,21,2528 15 7,9 19 2
337 5315 6094 79 52 86 13.
Ἰεροβοάμ 120 40.
ἱερὸς 37 22 52 24 8197 826 1084.
“Ἱεροσόλυμα 53 52.
ἱερότης 7 2 21 7 3521 58 72 593 75
15 8215 8827.
ἱερουργεῖν 60 6.
Ἱερουσαλὴμ 27 23.
ἱερωμένος 19 11 6612 96 106.
Ἱέρων 125 4.
ἱερωσύνη 18 10 36 42.
ἱερώτατος 369 522 5331 582 74 2
842 1047.
Ἰησοῦς 1280 2026 3911 52 29,81
549 6317 7516 7741 7824
120 8.
Ἰλιὰς 29 16.
Ἰνδὸς 96 54.
᾿Ιόλεως 85 67.
Ἰουδαῖος 74 12,13 178 27.
Ἰούδας 74 29.
Ἰουδὶθ 96 132.
Ἰουλιανὸς 127 51.
“Ἱπποκλείδης 96 81.
Ἱπποχράτειος 112 9.
Ἱπποκράτης 80 3 112 15.
39
