604 INDEX GREC
᾽᾿Αἴδης 27 2.
Αἰθίοψ 382 843 9923.
Αἴλιος ᾿Αδριανὸς 127 50.
αἴνιγμα 45 51 7119 8914 917.
᾿Αχαδημία 29 18.
ἀχοινωνησία 58 111 82 21.
ἀκοινώνητος 58 110.
ἀκολουθία 15 6,27.
ἀκόνιτον 85 48.
᾿Ακραγαντῖνος 6 11.
᾿Ακταίων 99 9.
ἀκτήμων 96 129.
᾿Αλανίας BA. Μαρία.
ἀλειπτὰ 5425.
ἀλειτουργησία 58 21,97,110 59 53,71
60 84.
᾿Αλέξιος βλ. Κομνηνός.
ἀλίβας 47 6.
᾿Αλκμαίων 94 2,10.
᾿Αλῳάδης 96 72.
᾿Αμαλὴκ 72 9.
᾿Αμῶς 98 15.
ἀναγράφειν 59 37 96 127,187.
ἀναγραφεὺς 21 4 59 41 8530 8823,
35 96 98.
ἀναγραφὴ 89 45.
ἀναμέτρησις 31 26.
ἀναξιότης 4 42 79 48.
᾿Ανάπλους 371.
ἀναφορὰ 38 25 859 86 4.
᾿Ανάχαρσις 79 12.
ἀνδροφαγία 127 27.
᾿Ανεμᾶς Νικόλαος 89-40 321,98 341
41 1.
ἀνεπηρέαστος 111 15.
ἀνεπισκόπητος 22 10.
ἀνεψιὸς 65 1.
ἄνθρωπος 1119,26 26 19 98 105.
&vlepoc 45 60.
᾿Αννίκερις B5 17.
ἀνορεξία 113 12.
ἀνταλλαγὴ 85 32,35 98 75.
ἀντιγράφειν 18 4,13,15.
ἀντιλήπτωρ 83,33 107 113 122,9
222,27 283 248 613 793 96
108 1183 1193.
ἀντίληφις 431,48 113 1224 1320
2424 38228 5386 9874 1262.
᾿Αντίλοχος 8&2 99 23.
᾿Αντίπατρος 74 10.
ἀντιρρητορεύειν 39 36.
ἀξία 4825 79 45.
"Άξιος (mov. ᾿Αξιὸς) 110 9.
ἀξίωμα 3620 96 111 1276.
ἀξιωματικὸς 588 85 45.
ἀποδεκατοῦν 57 24.
ἀποκάλυψις δᾷ 26.
ἀπόκρεω 11 24.
᾿Απολλωνιὰς & 26.
ἀπόλυσις 66 28.
ἀπολυτικὸς 66 29.
ἀποπεμπτοῦν 57 24.
ἀπόστολος 16 32 314 3620 5609
105 22.
ἀποτραγῳδεῖν 89 3.
ἀποχαρτοφύλαξ 124 1.
ἤλρατος 127 79.
"Apyoc 68 11.
᾿Αριάδνη 71 24.
ἀριθμεῖν 45 41.
ἀριθμητικὸς 127 51,53,59.
ἀριθμὸς 24 12.
᾿Αριστοτέλης 42 5,11.
᾿Αρμενία 81 17,18.
᾿Αρμένιος 15 4,8,28. 59 3,36,38,66. 96
36-98 1352.
ἁρμονικὴ 127 102.
ἁρμονικὸς 127 60.
“Ἄρπυιαι 29 11 127 85.
*Apcévtoc 11 4.
"Ἄρτεμις 98 33.
ἀρχιατρὸς 93 1.
ἀρχιεπισχοπὴ 7521 8217 1116.
ἀρχιεπισκοπικὸς 5815 672 96 66,124
98 52.
ἀρχιεπίσκοπος 833 920 1226 13
15 182 4019 5856,58,51 601
674 8233 96454,661 11820 119
10 1297. k
ἀρχιερατεύειν 45 15.
ἀρχιερατικὸς 1825 3619 59 72,85
87 36.
ἀρχιερεὺς 12 30 24 4 5434 59 74 60
95 8552.
INDEX GREC 605
ἀρχιερωσύνη 75 84 77 60. .
᾿Αρχύτας 127 50.
ἄρχων 26 9 3743 4547 583,89 67
14,25 7827 1081.
ἀσθένεια 414 1018 135 3028 37
53 4510 5228 5355,58 6080
726 833 $8416 88 102,105,106
9112 9512 1037 11324 118 16
1204 12110,19 126 5,8.
᾿Ασχληπιὸς 97 28 111 7.
ἄσκωμα 127 61.
ἀσματικὴ 127 101.
᾿Ασσύριος 77 22.
ἀστρολογία 127 66.
&vexvlo, 81 37.
ἀτέλεια 96 85,91.
ἀτελῶς 96 94.
"Acnc 110 29.
"Acc 856.
᾿Αττάλια 104 1.
᾿Ατταλιάτης Ἰωάννης 104 1-2.
᾽᾿Αττικὸς 127 74.
αὐθέντης 52 75 113,28,39 122,9,
18,24,,7,31 1510 164 1724 18
8,104,8. 1826,35 493,7 202 22
2,17,25,27,28 28 3,10,12,17— 24 4,
22,25 26 3,0,11,448. 432 813 86
3 8819,20,2206 892 2923 1082
11113 1183 1193 12014 1262.
αὐθεντρία 84 11.
αὐλὴ 1721 26 18,27,30.
αὐτοκέφαλος 82 34.
woroxp&roo 8171 127 7,8.
Αὐτόλυχος 49 5.
ἀφιλόκαλος 66 2.
᾿Αφροδίτη 5 14,35.
᾿Αχελῷος 94 10.
᾿Αχερουσία 127 109.
᾿Αχέρων 110 14.
᾿Αχίλλειος 78 17.
᾿Αχιλλεὺς 67 33,35 127 84.
᾿Αχιλλεὺς (ἅγιος) 81 35.
᾿Αχριδιώτης. 6 7 502 95726 96 35,40.
᾿Αχριδόθεν 4 ὅ 672.
»Αχρὶς 6.2 248 488 5733 6721 85
..91 944 96 5&4 9820,47 1139 120
29,80,47 126 3.
ἄψαλτος 22 9.
Βαβυλὼν 109 14.
Βαγορὰ 120 31.
Βαχχυλίδης 69 12.
Βαλίος 125 4.
βαρβαριχὸς 48 9 86 14,
βάρβαρος 5.36 132 4412 479 586
6521 8216 1109.
Βαρδάριος 88 11,19 118 12,13.
Βαρδαριώτης 127 16,51.
Βαρδουάριος 110 9.
Βαροὺχ 85 86.
βασιλεία 4 7,11,9,21,40,70 92 189,
18,20 5511 1738 26,34 90 15 96 77.
156 105 18 120 42,48.
Βασίλειος 29 29.
βασίλειος 7211 7412 81 67 8547,82
934 9667 1023 127 121.
βασιλεύειν 538 914,49 399 73419
85 46,91.
βασιλεὺς 82 913,15 125 1323 17
1 2217,28,96 26 8,221 37 54 38 22
4528 5534,39 58 15,64,97,007 59
39 60 88,43,47,52 67 8,28. 68 21
7322 17 08 8161,64,76,78 839,11
85 2,20,34 861 891,17,225 926
96 1,9,16,20,30,42,44,58,78,108 98 1,
24,53,72,74,84,87 99 1,10 100 22,30
1101 12034,95,37,44 127 6,411,119
129 1.
βασιλευτὴς 68 21.
βασιλικὸς 20 17 55 39 58 19 60 87,48
675 7911 8526,95,43 8919 96
86,148,126 9819,11,66 9911 120
9.
βασιλικῶς 127 125.
βασιλὶς 4 4-5 ὅ 84 925.
βασίλισσα 5 10.
Βελεγράδων (δ) 18 24.
Βέρροια 49 12 123 1.
Βέσης Λαμπηνὸς Μιχαὴλ 23 4,10.
βιβλίον 2911 7111 112 6,13.
βίβλος 3419,21 3749.
Βιδίνης (ὁ) 607-68 511.
Βλαχερνίτης 129 12.
Βοδηνὰ 49 40.
